theta0       T/T0         omega/omega0
0.00000000   1.00000000   1.00000000  
0.01570796   1.00001542   0.99998458  
0.03141593   1.00006169   0.99993832  
0.04712389   1.00013881   0.99986121  
0.06283185   1.00024680   0.99975326  
0.07853982   1.00038567   0.99961448  
0.09424778   1.00055545   0.99944486  
0.10995574   1.00075617   0.99924441  
0.12566371   1.00098785   0.99901312  
0.14137167   1.00125055   0.99875101  
0.15707963   1.00154431   0.99845807  
0.17278760   1.00186917   0.99813432  
0.18849556   1.00222519   0.99777975  
0.20420352   1.00261244   0.99739437  
0.21991149   1.00303097   0.99697819  
0.23561945   1.00348086   0.99653122  
0.25132741   1.00396219   0.99605345  
0.26703538   1.00447504   0.99554490  
0.28274334   1.00501949   0.99500558  
0.29845130   1.00559565   0.99443549  
0.31415927   1.00620361   0.99383464  
0.32986723   1.00684348   0.99320304  
0.34557519   1.00751536   0.99254070  
0.36128316   1.00821938   0.99184763  
0.37699112   1.00895565   0.99112384  
0.39269908   1.00972431   0.99036934  
0.40840704   1.01052549   0.98958414  
0.42411501   1.01135933   0.98876825  
0.43982297   1.01222598   0.98792169  
0.45553093   1.01312559   0.98704446  
0.47123890   1.01405832   0.98613657  
0.48694686   1.01502434   0.98519805  
0.50265482   1.01602381   0.98422890  
0.51836279   1.01705692   0.98322914  
0.53407075   1.01812385   0.98219877  
0.54977871   1.01922480   0.98113782  
0.56548668   1.02035996   0.98004630  
0.58119464   1.02152954   0.97892421  
0.59690260   1.02273375   0.97777159  
0.61261057   1.02397281   0.97658843  
0.62831853   1.02524696   0.97537476  
0.64402649   1.02655642   0.97413058  
0.65973446   1.02790143   0.97285593  
0.67544242   1.02928225   0.97155080  
0.69115038   1.03069914   0.97021522  
0.70685835   1.03215237   0.96884921  
0.72256631   1.03364219   0.96745277  
0.73827427   1.03516891   0.96602592  
0.75398224   1.03673281   0.96456869  
0.76969020   1.03833418   0.96308108  
0.78539816   1.03997334   0.96156311  
0.80110613   1.04165061   0.96001480  
0.81681409   1.04336631   0.95843616  
0.83252205   1.04512078   0.95682721  
0.84823002   1.04691436   0.95518797  
0.86393798   1.04874741   0.95351844  
0.87964594   1.05062030   0.95181866  
0.89535391   1.05253339   0.95008862  
0.91106187   1.05448708   0.94832835  
0.92676983   1.05648177   0.94653787  
0.94247780   1.05851786   0.94471718  
0.95818576   1.06059576   0.94286630  
0.97389372   1.06271592   0.94098524  
0.98960169   1.06487878   0.93907403  
1.00530965   1.06708478   0.93713266  
1.02101761   1.06933440   0.93516116  
1.03672558   1.07162812   0.93315954  
1.05243354   1.07396643   0.93112780  
1.06814150   1.07634983   0.92906597  
1.08384947   1.07877886   0.92697404  
1.09955743   1.08125403   0.92485204  
1.11526539   1.08377591   0.92269997  
1.13097336   1.08634505   0.92051784  
1.14668132   1.08896204   0.91830565  
1.16238928   1.09162748   0.91606342  
1.17809725   1.09434196   0.91379115  
1.19380521   1.09710613   0.91148884  
1.20951317   1.09992063   0.90915651  
1.22522113   1.10278613   0.90679414  
1.24092910   1.10570330   0.90440175  
1.25663706   1.10867285   0.90197934  
1.27234502   1.11169549   0.89952690  
1.28805299   1.11477198   0.89704443  
1.30376095   1.11790307   0.89453194  
1.31946891   1.12108955   0.89198940  
1.33517688   1.12433222   0.88941683  
1.35088484   1.12763191   0.88681421  
1.36659280   1.13098947   0.88418153  
1.38230077   1.13440579   0.88151878  
1.39800873   1.13788175   0.87882594  
1.41371669   1.14141830   0.87610300  
1.42942466   1.14501638   0.87334995  
1.44513262   1.14867698   0.87056676  
1.46084058   1.15240112   0.86775341  
1.47654855   1.15618983   0.86490988  
1.49225651   1.16004418   0.86203613  
1.50796447   1.16396529   0.85913215  
1.52367244   1.16795430   0.85619788  
1.53938040   1.17201237   0.85323331  
1.55508836   1.17614072   0.85023840  
1.57079633   1.18034060   0.84721308  
1.58650429   1.18461329   0.84415734  
1.60221225   1.18896012   0.84107110  
1.61792022   1.19338246   0.83795433  
1.63362818   1.19788172   0.83480696  
1.64933614   1.20245936   0.83162894  
1.66504411   1.20711688   0.82842019  
1.68075207   1.21185585   0.82518065  
1.69646003   1.21667787   0.82191024  
1.71216800   1.22158459   0.81860889  
1.72787596   1.22657774   0.81527650  
1.74358392   1.23165908   0.81191299  
1.75929189   1.23683046   0.80851825  
1.77499985   1.24209377   0.80509220  
1.79070781   1.24745097   0.80163471  
1.80641578   1.25290411   0.79814568  
1.82212374   1.25845529   0.79462497  
1.83783170   1.26410669   0.79107247  
1.85353967   1.26986058   0.78748802  
1.86924763   1.27571931   0.78387149  
1.88495559   1.28168530   0.78022273  
1.90066356   1.28776109   0.77654155  
1.91637152   1.29394930   0.77282781  
1.93207948   1.30025266   0.76908130  
1.94778745   1.30667399   0.76530183  
1.96349541   1.31321624   0.76148921  
1.97920337   1.31988247   0.75764321  
1.99491134   1.32667588   0.75376361  
2.01061930   1.33359977   0.74985016  
2.02632726   1.34065761   0.74590260  
2.04203522   1.34785299   0.74192067  
2.05774319   1.35518968   0.73790408  
2.07345115   1.36267160   0.73385253  
2.08915911   1.37030284   0.72976569  
2.10486708   1.37808767   0.72564324  
2.12057504   1.38603058   0.72148480  
2.13628300   1.39413623   0.71729001  
2.15199097   1.40240953   0.71305847  
2.16769893   1.41085561   0.70878975  
2.18340689   1.41947984   0.70448341  
2.19911486   1.42828787   0.70013897  
2.21482282   1.43728562   0.69575593  
2.23053078   1.44647932   0.69133377  
2.24623875   1.45587551   0.68687192  
2.26194671   1.46548109   0.68236978  
2.27765467   1.47530331   0.67782672  
2.29336264   1.48534983   0.67324207  
2.30907060   1.49562873   0.66861513  
2.32477856   1.50614855   0.66394513  
2.34048653   1.51691831   0.65923128  
2.35619449   1.52794759   0.65447271  
2.37190245   1.53924650   0.64966852  
2.38761042   1.55082581   0.64481774  
2.40331838   1.56269694   0.63991934  
2.41902634   1.57487205   0.63497222  
2.43473431   1.58736409   0.62997519  
2.45044227   1.60018687   0.62492701  
2.46615023   1.61335515   0.61982633  
2.48185820   1.62688472   0.61467170  
2.49756616   1.64079249   0.60946159  
2.51327412   1.65509664   0.60419432  
2.52898209   1.66981670   0.59886813  
2.54469005   1.68497369   0.59348108  
2.56039801   1.70059032   0.58803110  
2.57610598   1.71669116   0.58251596  
2.59181394   1.73330281   0.57693324  
2.60752190   1.75045419   0.57128030  
2.62322987   1.76817679   0.56555431  
2.63893783   1.78650496   0.55975216  
2.65464579   1.80547632   0.55387046  
2.67035376   1.82513216   0.54790553  
2.68606172   1.84551795   0.54185330  
2.70176968   1.86668391   0.53570934  
2.71747765   1.88868571   0.52946872  
2.73318561   1.91158527   0.52312602  
2.74889357   1.93545179   0.51667523  
2.76460154   1.96036288   0.51010964  
2.78030950   1.98640601   0.50342175  
2.79601746   2.01368029   0.49660316  
2.81172542   2.04229858   0.48964437  
2.82743339   2.07239022   0.48253461  
2.84314135   2.10410437   0.47526160  
2.85884931   2.13761433   0.46781123  
2.87455728   2.17312304   0.46016723  
2.89026524   2.21087025   0.45231058  
2.90597320   2.25114207   0.44421896  
2.92168117   2.29428374   0.43586588  
2.93738913   2.34071715   0.42721950  
2.95309709   2.39096548   0.41824109  
2.96880506   2.44568843   0.40888283  
2.98451302   2.50573442   0.39908459  
3.00022098   2.57222032   0.38876919  
3.01592895   2.64665828   0.37783495  
3.03163691   2.73116787   0.36614373  
3.04734487   2.82885257   0.35350022  
3.06305284   2.94452286   0.33961360  
3.07876080   3.08623623   0.32401927  
3.09446876   3.26909547   0.30589501  
3.11017673   3.52700279   0.28352685  
3.12588469   3.96812744   0.25200804  
