time         theta        dtheta/dt    Uw0^2/mg^2   Kw0^2/mg^2  
0.00000000   0.00000000   2.60000000   0.00000000   3.38000000  
0.00625000   0.04851510   2.59954741   0.00117663   3.37882337  
0.01250000   0.09701332   2.59819087   0.00470210   3.37529790  
0.01875000   0.14547782   2.59593403   0.01056325   3.36943675  
0.02500000   0.19389185   2.59278298   0.01873821   3.36126179  
0.03125000   0.24223879   2.58874617   0.02919663   3.35080337  
0.03750000   0.29050223   2.58383441   0.04189986   3.33810014  
0.04375000   0.33866594   2.57806079   0.05680128   3.32319872  
0.05000000   0.38671399   2.57144059   0.07384663   3.30615337  
0.05625000   0.43463074   2.56399126   0.09297441   3.28702559  
0.06250000   0.48240089   2.55573226   0.11411632   3.26588368  
0.06875000   0.53000954   2.54668500   0.13719775   3.24280225  
0.07500000   0.57744218   2.53687274   0.16213834   3.21786166  
0.08125000   0.62468477   2.52632046   0.18885248   3.19114752  
0.08750000   0.67172374   2.51505470   0.21724992   3.16275008  
0.09375000   0.71854605   2.50310353   0.24723636   3.13276364  
0.10000000   0.76513918   2.49049632   0.27871404   3.10128596  
0.10625000   0.81149116   2.47726367   0.31158236   3.06841764  
0.11250000   0.85759062   2.46343723   0.34573850   3.03426150  
0.11875000   0.90342678   2.44904963   0.38107797   2.99892203  
0.12500000   0.94898948   2.43413425   0.41749524   2.96250476  
0.13125000   0.99426919   2.41872517   0.45488428   2.92511572  
0.13750000   1.03925702   2.40285699   0.49313913   2.88686087  
0.14375000   1.08394472   2.38656474   0.53215437   2.84784563  
0.15000000   1.12832472   2.36988369   0.57182564   2.80817436  
0.15625000   1.17239008   2.35284930   0.61205009   2.76794991  
0.16250000   1.21613455   2.33549704   0.65272678   2.72727322  
0.16875000   1.25955252   2.31786234   0.69375708   2.68624292  
0.17500000   1.30263905   2.29998044   0.73504498   2.64495502  
0.18125000   1.34538986   2.28188631   0.77649744   2.60350256  
0.18750000   1.38780131   2.26361454   0.81802460   2.56197540  
0.19375000   1.42987040   2.24519929   0.85954008   2.52045992  
0.20000000   1.47159478   2.22667417   0.90096107   2.47903893  
0.20625000   1.51297269   2.20807220   0.94220858   2.43779142  
0.21250000   1.55400301   2.18942574   0.98320747   2.39679253  
0.21875000   1.59468521   2.17076640   1.02388661   2.35611339  
0.22500000   1.63501933   2.15212506   1.06417886   2.31582114  
0.23125000   1.67500599   2.13353174   1.10402115   2.27597885  
0.23750000   1.71464636   2.11501563   1.14335444   2.23664556  
0.24375000   1.75394215   2.09660503   1.18212368   2.19787632  
0.25000000   1.79289558   2.07832731   1.22027780   2.15972220  
0.25625000   1.83150938   2.06020893   1.25776957   2.12223043  
0.26250000   1.86978677   2.04227540   1.29455559   2.08544441  
0.26875000   1.90773141   2.02455127   1.33059607   2.04940393  
0.27500000   1.94534746   2.00706013   1.36585481   2.01414519  
0.28125000   1.98263945   1.98982461   1.40029902   1.97970098  
0.28750000   2.01961237   1.97286637   1.43389914   1.94610086  
0.29375000   2.05627159   1.95620615   1.46662876   1.91337124  
0.30000000   2.09262285   1.93986371   1.49846440   1.88153560  
0.30625000   2.12867226   1.92385791   1.52938537   1.85061463  
0.31250000   2.16442627   1.90820669   1.55937362   1.82062638  
0.31875000   2.19989166   1.89292709   1.58841352   1.79158648  
0.32500000   2.23507551   1.87803528   1.61649175   1.76350825  
0.33125000   2.26998521   1.86354657   1.64359710   1.73640290  
0.33750000   2.30462842   1.84947544   1.66972031   1.71027969  
0.34375000   2.33901305   1.83583556   1.69485390   1.68514610  
0.35000000   2.37314727   1.82263983   1.71899202   1.66100798  
0.35625000   2.40703949   1.80990037   1.74213032   1.63786968  
0.36250000   2.44069833   1.79762858   1.76426574   1.61573426  
0.36875000   2.47413262   1.78583514   1.78539642   1.59460358  
0.37500000   2.50735137   1.77453007   1.80552152   1.57447848  
0.38125000   2.54036379   1.76372270   1.82464113   1.55535887  
0.38750000   2.57317925   1.75342174   1.84275610   1.53724390  
0.39375000   2.60580728   1.74363531   1.85986795   1.52013205  
0.40000000   2.63825754   1.73437093   1.87597875   1.50402125  
0.40625000   2.67053985   1.72563554   1.89109099   1.48890901  
0.41250000   2.70266414   1.71743557   1.90520753   1.47479247  
0.41875000   2.73464045   1.70977692   1.91833144   1.46166856  
0.42500000   2.76647894   1.70266499   1.93046596   1.44953404  
0.43125000   2.79818985   1.69610470   1.94161442   1.43838558  
0.43750000   2.82978352   1.69010052   1.95178012   1.42821988  
0.44375000   2.86127038   1.68465645   1.96096633   1.41903367  
0.45000000   2.89266089   1.67977608   1.96917616   1.41082384  
0.45625000   2.92396563   1.67546259   1.97641255   1.40358745  
0.46250000   2.95519517   1.67171874   1.98267823   1.39732177  
0.46875000   2.98636019   1.66854690   1.98797562   1.39202438  
0.47500000   3.01747138   1.66594908   1.99230684   1.38769316  
0.48125000   3.04853945   1.66392688   1.99567367   1.38432633  
0.48750000   3.07957517   1.66248156   1.99807753   1.38192247  
0.49375000   3.11058931   1.66161401   1.99951943   1.38048057  
0.50000000   3.14159265   1.66132477   2.00000000   1.38000000  
0.50625000   3.17259600   1.66161401   1.99951943   1.38048057  
0.51250000   3.20361014   1.66248156   1.99807753   1.38192247  
0.51875000   3.23464586   1.66392688   1.99567367   1.38432633  
0.52500000   3.26571393   1.66594908   1.99230684   1.38769316  
0.53125000   3.29682511   1.66854690   1.98797562   1.39202438  
0.53750000   3.32799013   1.67171874   1.98267823   1.39732177  
0.54375000   3.35921968   1.67546259   1.97641255   1.40358745  
0.55000000   3.39052441   1.67977608   1.96917616   1.41082384  
0.55625000   3.42191493   1.68465645   1.96096633   1.41903367  
0.56250000   3.45340178   1.69010052   1.95178012   1.42821988  
0.56875000   3.48499546   1.69610470   1.94161442   1.43838558  
0.57500000   3.51670637   1.70266499   1.93046596   1.44953404  
0.58125000   3.54854486   1.70977692   1.91833144   1.46166856  
0.58750000   3.58052117   1.71743557   1.90520753   1.47479247  
0.59375000   3.61264546   1.72563554   1.89109099   1.48890901  
0.60000000   3.64492776   1.73437093   1.87597875   1.50402125  
0.60625000   3.67737803   1.74363531   1.85986795   1.52013205  
0.61250000   3.71000605   1.75342174   1.84275610   1.53724390  
0.61875000   3.74282151   1.76372270   1.82464113   1.55535887  
0.62500000   3.77583394   1.77453007   1.80552152   1.57447848  
0.63125000   3.80905269   1.78583514   1.78539642   1.59460358  
0.63750000   3.84248698   1.79762858   1.76426574   1.61573426  
0.64375000   3.87614582   1.80990037   1.74213032   1.63786968  
0.65000000   3.91003804   1.82263983   1.71899202   1.66100798  
0.65625000   3.94417226   1.83583556   1.69485390   1.68514610  
0.66250000   3.97855689   1.84947544   1.66972031   1.71027969  
0.66875000   4.01320010   1.86354657   1.64359710   1.73640290  
0.67500000   4.04810980   1.87803528   1.61649175   1.76350825  
0.68125000   4.08329365   1.89292709   1.58841352   1.79158648  
0.68750000   4.11875904   1.90820669   1.55937362   1.82062638  
0.69375000   4.15451305   1.92385791   1.52938537   1.85061463  
0.70000000   4.19056246   1.93986371   1.49846440   1.88153560  
0.70625000   4.22691372   1.95620615   1.46662876   1.91337124  
0.71250000   4.26357294   1.97286637   1.43389914   1.94610086  
0.71875000   4.30054586   1.98982461   1.40029902   1.97970098  
0.72500000   4.33783785   2.00706013   1.36585481   2.01414519  
0.73125000   4.37545389   2.02455127   1.33059607   2.04940393  
0.73750000   4.41339854   2.04227540   1.29455559   2.08544441  
0.74375000   4.45167593   2.06020893   1.25776957   2.12223043  
0.75000000   4.49028973   2.07832731   1.22027780   2.15972220  
0.75625000   4.52924316   2.09660503   1.18212368   2.19787632  
0.76250000   4.56853895   2.11501563   1.14335444   2.23664556  
0.76875000   4.60817932   2.13353174   1.10402115   2.27597885  
0.77500000   4.64816598   2.15212506   1.06417886   2.31582114  
0.78125000   4.68850010   2.17076640   1.02388661   2.35611339  
0.78750000   4.72918230   2.18942574   0.98320747   2.39679253  
0.79375000   4.77021262   2.20807220   0.94220858   2.43779142  
0.80000000   4.81159053   2.22667417   0.90096107   2.47903893  
0.80625000   4.85331491   2.24519929   0.85954008   2.52045992  
0.81250000   4.89538400   2.26361454   0.81802460   2.56197540  
0.81875000   4.93779545   2.28188631   0.77649744   2.60350256  
0.82500000   4.98054626   2.29998044   0.73504498   2.64495502  
0.83125000   5.02363279   2.31786234   0.69375708   2.68624292  
0.83750000   5.06705076   2.33549704   0.65272678   2.72727322  
0.84375000   5.11079523   2.35284930   0.61205009   2.76794991  
0.85000000   5.15486059   2.36988369   0.57182564   2.80817436  
0.85625000   5.19924059   2.38656474   0.53215437   2.84784563  
0.86250000   5.24392829   2.40285699   0.49313913   2.88686087  
0.86875000   5.28891612   2.41872517   0.45488428   2.92511572  
0.87500000   5.33419582   2.43413425   0.41749524   2.96250476  
0.88125000   5.37975853   2.44904963   0.38107797   2.99892203  
0.88750000   5.42559469   2.46343723   0.34573850   3.03426150  
0.89375000   5.47169415   2.47726367   0.31158236   3.06841764  
0.90000000   5.51804613   2.49049632   0.27871404   3.10128596  
0.90625000   5.56463925   2.50310353   0.24723636   3.13276364  
0.91250000   5.61146156   2.51505470   0.21724992   3.16275008  
0.91875000   5.65850054   2.52632046   0.18885248   3.19114752  
0.92500000   5.70574313   2.53687274   0.16213834   3.21786166  
0.93125000   5.75317577   2.54668500   0.13719775   3.24280225  
0.93750000   5.80078441   2.55573226   0.11411632   3.26588368  
0.94375000   5.84855456   2.56399126   0.09297441   3.28702559  
0.95000000   5.89647131   2.57144059   0.07384663   3.30615337  
0.95625000   5.94451936   2.57806079   0.05680128   3.32319872  
0.96250000   5.99268308   2.58383441   0.04189986   3.33810014  
0.96875000   6.04094651   2.58874617   0.02919663   3.35080337  
0.97500000   6.08929346   2.59278298   0.01873821   3.36126179  
0.98125000   6.13770749   2.59593403   0.01056325   3.36943675  
0.98750000   6.18617199   2.59819087   0.00470210   3.37529790  
0.99375000   6.23467020   2.59954741   0.00117663   3.37882337  
1.00000000   6.28318531   2.60000000   0.00000000   3.38000000  
1.00625000   6.33170041   2.59954741   0.00117663   3.37882337  
1.01250000   6.38019863   2.59819087   0.00470210   3.37529790  
1.01875000   6.42866313   2.59593403   0.01056325   3.36943675  
1.02500000   6.47707715   2.59278298   0.01873821   3.36126179  
1.03125000   6.52542410   2.58874617   0.02919663   3.35080337  
1.03750000   6.57368754   2.58383441   0.04189986   3.33810014  
1.04375000   6.62185125   2.57806079   0.05680128   3.32319872  
1.05000000   6.66989930   2.57144059   0.07384663   3.30615337  
1.05625000   6.71781605   2.56399126   0.09297441   3.28702559  
1.06250000   6.76558620   2.55573226   0.11411632   3.26588368  
1.06875000   6.81319484   2.54668500   0.13719775   3.24280225  
1.07500000   6.86062748   2.53687274   0.16213834   3.21786166  
1.08125000   6.90787007   2.52632046   0.18885248   3.19114752  
1.08750000   6.95490905   2.51505470   0.21724992   3.16275008  
1.09375000   7.00173136   2.50310353   0.24723636   3.13276364  
1.10000000   7.04832449   2.49049632   0.27871404   3.10128596  
1.10625000   7.09467647   2.47726367   0.31158236   3.06841764  
1.11250000   7.14077593   2.46343723   0.34573850   3.03426150  
1.11875000   7.18661209   2.44904963   0.38107797   2.99892203  
1.12500000   7.23217479   2.43413425   0.41749524   2.96250476  
1.13125000   7.27745450   2.41872517   0.45488428   2.92511572  
1.13750000   7.32244233   2.40285699   0.49313913   2.88686087  
1.14375000   7.36713003   2.38656474   0.53215437   2.84784563  
1.15000000   7.41151002   2.36988369   0.57182564   2.80817436  
1.15625000   7.45557539   2.35284930   0.61205009   2.76794991  
1.16250000   7.49931985   2.33549704   0.65272678   2.72727322  
1.16875000   7.54273782   2.31786234   0.69375708   2.68624292  
1.17500000   7.58582436   2.29998044   0.73504498   2.64495502  
1.18125000   7.62857517   2.28188631   0.77649744   2.60350256  
1.18750000   7.67098662   2.26361454   0.81802460   2.56197540  
1.19375000   7.71305571   2.24519929   0.85954008   2.52045992  
1.20000000   7.75478008   2.22667417   0.90096107   2.47903893  
1.20625000   7.79615800   2.20807220   0.94220858   2.43779142  
1.21250000   7.83718832   2.18942574   0.98320747   2.39679253  
1.21875000   7.87787051   2.17076640   1.02388661   2.35611339  
1.22500000   7.91820463   2.15212506   1.06417886   2.31582114  
1.23125000   7.95819130   2.13353174   1.10402115   2.27597885  
1.23750000   7.99783167   2.11501563   1.14335444   2.23664556  
1.24375000   8.03712746   2.09660503   1.18212368   2.19787632  
1.25000000   8.07608089   2.07832731   1.22027780   2.15972220  
1.25625000   8.11469469   2.06020893   1.25776957   2.12223043  
1.26250000   8.15297207   2.04227540   1.29455559   2.08544441  
1.26875000   8.19091672   2.02455127   1.33059607   2.04940393  
1.27500000   8.22853276   2.00706013   1.36585481   2.01414519  
1.28125000   8.26582476   1.98982461   1.40029902   1.97970098  
1.28750000   8.30279768   1.97286637   1.43389914   1.94610086  
1.29375000   8.33945689   1.95620615   1.46662876   1.91337124  
1.30000000   8.37580815   1.93986371   1.49846440   1.88153560  
1.30625000   8.41185756   1.92385791   1.52938537   1.85061463  
1.31250000   8.44761157   1.90820669   1.55937362   1.82062638  
1.31875000   8.48307696   1.89292709   1.58841352   1.79158648  
1.32500000   8.51826082   1.87803528   1.61649175   1.76350825  
1.33125000   8.55317052   1.86354657   1.64359710   1.73640290  
1.33750000   8.58781372   1.84947544   1.66972031   1.71027969  
1.34375000   8.62219835   1.83583556   1.69485390   1.68514610  
1.35000000   8.65633258   1.82263983   1.71899202   1.66100798  
1.35625000   8.69022480   1.80990037   1.74213032   1.63786968  
1.36250000   8.72388364   1.79762858   1.76426574   1.61573426  
1.36875000   8.75731792   1.78583514   1.78539642   1.59460358  
1.37500000   8.79053668   1.77453007   1.80552152   1.57447848  
1.38125000   8.82354910   1.76372270   1.82464113   1.55535887  
1.38750000   8.85636456   1.75342174   1.84275610   1.53724390  
1.39375000   8.88899259   1.74363531   1.85986795   1.52013205  
1.40000000   8.92144285   1.73437093   1.87597875   1.50402125  
1.40625000   8.95372516   1.72563554   1.89109099   1.48890901  
1.41250000   8.98584944   1.71743557   1.90520753   1.47479247  
1.41875000   9.01782576   1.70977692   1.91833144   1.46166856  
1.42500000   9.04966424   1.70266499   1.93046596   1.44953404  
1.43125000   9.08137516   1.69610470   1.94161442   1.43838558  
1.43750000   9.11296883   1.69010052   1.95178012   1.42821988  
1.44375000   9.14445568   1.68465645   1.96096633   1.41903367  
1.45000000   9.17584620   1.67977608   1.96917616   1.41082384  
1.45625000   9.20715093   1.67546259   1.97641255   1.40358745  
1.46250000   9.23838048   1.67171874   1.98267823   1.39732177  
1.46875000   9.26954550   1.66854690   1.98797562   1.39202438  
1.47500000   9.30065668   1.66594908   1.99230684   1.38769316  
1.48125000   9.33172476   1.66392688   1.99567367   1.38432633  
1.48750000   9.36276048   1.66248156   1.99807753   1.38192247  
1.49375000   9.39377462   1.66161401   1.99951943   1.38048057  
1.50000000   9.42477796   1.66132477   2.00000000   1.38000000  
1.50625000   9.45578131   1.66161401   1.99951943   1.38048057  
1.51250000   9.48679544   1.66248156   1.99807753   1.38192247  
1.51875000   9.51783116   1.66392688   1.99567367   1.38432633  
1.52500000   9.54889924   1.66594908   1.99230684   1.38769316  
1.53125000   9.58001042   1.66854690   1.98797562   1.39202438  
1.53750000   9.61117544   1.67171874   1.98267823   1.39732177  
1.54375000   9.64240499   1.67546259   1.97641255   1.40358745  
1.55000000   9.67370972   1.67977608   1.96917616   1.41082384  
1.55625000   9.70510024   1.68465645   1.96096633   1.41903367  
1.56250000   9.73658709   1.69010052   1.95178012   1.42821988  
1.56875000   9.76818077   1.69610470   1.94161442   1.43838558  
1.57500000   9.79989168   1.70266499   1.93046596   1.44953404  
1.58125000   9.83173017   1.70977692   1.91833144   1.46166856  
1.58750000   9.86370648   1.71743557   1.90520753   1.47479247  
1.59375000   9.89583076   1.72563554   1.89109099   1.48890901  
1.60000000   9.92811307   1.73437093   1.87597875   1.50402125  
1.60625000   9.96056333   1.74363531   1.85986795   1.52013205  
1.61250000   9.99319136   1.75342174   1.84275610   1.53724390  
1.61875000   10.02600682  1.76372270   1.82464113   1.55535887  
1.62500000   10.05901924  1.77453007   1.80552152   1.57447848  
1.63125000   10.09223800  1.78583514   1.78539642   1.59460358  
1.63750000   10.12567228  1.79762858   1.76426574   1.61573426  
1.64375000   10.15933112  1.80990037   1.74213032   1.63786968  
1.65000000   10.19322334  1.82263983   1.71899202   1.66100798  
1.65625000   10.22735757  1.83583556   1.69485390   1.68514610  
1.66250000   10.26174220  1.84947544   1.66972031   1.71027969  
1.66875000   10.29638540  1.86354657   1.64359710   1.73640290  
1.67500000   10.33129510  1.87803528   1.61649175   1.76350825  
1.68125000   10.36647896  1.89292709   1.58841352   1.79158648  
1.68750000   10.40194435  1.90820669   1.55937362   1.82062638  
1.69375000   10.43769836  1.92385791   1.52938537   1.85061463  
1.70000000   10.47374777  1.93986371   1.49846440   1.88153560  
1.70625000   10.51009903  1.95620615   1.46662876   1.91337124  
1.71250000   10.54675824  1.97286637   1.43389914   1.94610086  
1.71875000   10.58373116  1.98982461   1.40029902   1.97970098  
1.72500000   10.62102316  2.00706013   1.36585481   2.01414519  
1.73125000   10.65863920  2.02455127   1.33059607   2.04940393  
1.73750000   10.69658385  2.04227540   1.29455559   2.08544441  
1.74375000   10.73486123  2.06020893   1.25776957   2.12223043  
1.75000000   10.77347504  2.07832731   1.22027780   2.15972220  
1.75625000   10.81242847  2.09660503   1.18212368   2.19787632  
1.76250000   10.85172425  2.11501563   1.14335444   2.23664556  
1.76875000   10.89136463  2.13353174   1.10402115   2.27597885  
1.77500000   10.93135129  2.15212506   1.06417886   2.31582114  
1.78125000   10.97168541  2.17076640   1.02388661   2.35611339  
1.78750000   11.01236760  2.18942574   0.98320747   2.39679253  
1.79375000   11.05339793  2.20807220   0.94220858   2.43779142  
1.80000000   11.09477584  2.22667417   0.90096107   2.47903893  
1.80625000   11.13650021  2.24519929   0.85954008   2.52045992  
1.81250000   11.17856931  2.26361454   0.81802460   2.56197540  
1.81875000   11.22098075  2.28188631   0.77649744   2.60350256  
1.82500000   11.26373156  2.29998044   0.73504498   2.64495502  
1.83125000   11.30681810  2.31786234   0.69375708   2.68624292  
1.83750000   11.35023607  2.33549704   0.65272678   2.72727322  
1.84375000   11.39398054  2.35284930   0.61205009   2.76794991  
1.85000000   11.43804590  2.36988369   0.57182564   2.80817436  
1.85625000   11.48242589  2.38656474   0.53215437   2.84784563  
1.86250000   11.52711360  2.40285699   0.49313913   2.88686087  
1.86875000   11.57210142  2.41872517   0.45488428   2.92511572  
1.87500000   11.61738113  2.43413425   0.41749524   2.96250476  
1.88125000   11.66294383  2.44904963   0.38107797   2.99892203  
1.88750000   11.70877999  2.46343723   0.34573850   3.03426150  
1.89375000   11.75487945  2.47726367   0.31158236   3.06841764  
1.90000000   11.80123143  2.49049632   0.27871404   3.10128596  
1.90625000   11.84782456  2.50310353   0.24723636   3.13276364  
1.91250000   11.89464687  2.51505470   0.21724992   3.16275008  
1.91875000   11.94168585  2.52632046   0.18885248   3.19114752  
1.92500000   11.98892844  2.53687274   0.16213834   3.21786166  
1.93125000   12.03636108  2.54668500   0.13719775   3.24280225  
1.93750000   12.08396972  2.55573226   0.11411632   3.26588368  
1.94375000   12.13173987  2.56399126   0.09297441   3.28702559  
1.95000000   12.17965662  2.57144059   0.07384663   3.30615337  
1.95625000   12.22770467  2.57806079   0.05680128   3.32319872  
1.96250000   12.27586839  2.58383441   0.04189986   3.33810014  
1.96875000   12.32413182  2.58874617   0.02919663   3.35080337  
1.97500000   12.37247877  2.59278298   0.01873821   3.36126179  
1.98125000   12.42089280  2.59593403   0.01056325   3.36943675  
1.98750000   12.46935729  2.59819087   0.00470210   3.37529790  
1.99375000   12.51785551  2.59954741   0.00117663   3.37882337  
2.00000000   12.56637061  2.60000000   0.00000000   3.38000000  
2.00625000   12.61488572  2.59954741   0.00117663   3.37882337  
2.01250000   12.66338394  2.59819087   0.00470210   3.37529790  
2.01875000   12.71184843  2.59593403   0.01056325   3.36943675  
2.02500000   12.76026246  2.59278298   0.01873821   3.36126179  
2.03125000   12.80860941  2.58874617   0.02919663   3.35080337  
2.03750000   12.85687284  2.58383441   0.04189986   3.33810014  
2.04375000   12.90503656  2.57806079   0.05680128   3.32319872  
2.05000000   12.95308461  2.57144059   0.07384663   3.30615337  
2.05625000   13.00100136  2.56399126   0.09297441   3.28702559  
2.06250000   13.04877151  2.55573226   0.11411632   3.26588368  
2.06875000   13.09638015  2.54668500   0.13719775   3.24280225  
2.07500000   13.14381279  2.53687274   0.16213834   3.21786166  
2.08125000   13.19105538  2.52632046   0.18885248   3.19114752  
2.08750000   13.23809436  2.51505470   0.21724992   3.16275008  
2.09375000   13.28491667  2.50310353   0.24723636   3.13276364  
2.10000000   13.33150979  2.49049632   0.27871404   3.10128596  
2.10625000   13.37786178  2.47726367   0.31158236   3.06841764  
2.11250000   13.42396124  2.46343723   0.34573850   3.03426150  
2.11875000   13.46979740  2.44904963   0.38107797   2.99892203  
2.12500000   13.51536010  2.43413425   0.41749524   2.96250476  
2.13125000   13.56063981  2.41872517   0.45488428   2.92511572  
2.13750000   13.60562763  2.40285699   0.49313913   2.88686087  
2.14375000   13.65031534  2.38656474   0.53215437   2.84784563  
2.15000000   13.69469533  2.36988369   0.57182564   2.80817436  
2.15625000   13.73876069  2.35284930   0.61205009   2.76794991  
2.16250000   13.78250516  2.33549704   0.65272678   2.72727322  
2.16875000   13.82592313  2.31786234   0.69375708   2.68624292  
2.17500000   13.86900966  2.29998044   0.73504498   2.64495502  
2.18125000   13.91176047  2.28188631   0.77649744   2.60350256  
2.18750000   13.95417192  2.26361454   0.81802460   2.56197540  
2.19375000   13.99624102  2.24519929   0.85954008   2.52045992  
2.20000000   14.03796539  2.22667417   0.90096107   2.47903893  
2.20625000   14.07934330  2.20807220   0.94220858   2.43779142  
2.21250000   14.12037362  2.18942574   0.98320747   2.39679253  
2.21875000   14.16105582  2.17076640   1.02388661   2.35611339  
2.22500000   14.20138994  2.15212506   1.06417886   2.31582114  
2.23125000   14.24137660  2.13353174   1.10402115   2.27597885  
2.23750000   14.28101697  2.11501563   1.14335444   2.23664556  
2.24375000   14.32031276  2.09660503   1.18212368   2.19787632  
2.25000000   14.35926619  2.07832731   1.22027780   2.15972220  
2.25625000   14.39787999  2.06020893   1.25776957   2.12223043  
2.26250000   14.43615738  2.04227540   1.29455559   2.08544441  
2.26875000   14.47410203  2.02455127   1.33059607   2.04940393  
2.27500000   14.51171807  2.00706013   1.36585481   2.01414519  
2.28125000   14.54901006  1.98982461   1.40029902   1.97970098  
2.28750000   14.58598298  1.97286637   1.43389914   1.94610086  
2.29375000   14.62264220  1.95620615   1.46662876   1.91337124  
2.30000000   14.65899346  1.93986371   1.49846440   1.88153560  
2.30625000   14.69504287  1.92385791   1.52938537   1.85061463  
2.31250000   14.73079688  1.90820669   1.55937362   1.82062638  
2.31875000   14.76626227  1.89292709   1.58841352   1.79158648  
2.32500000   14.80144613  1.87803528   1.61649175   1.76350825  
2.33125000   14.83635583  1.86354657   1.64359710   1.73640290  
2.33750000   14.87099903  1.84947544   1.66972031   1.71027969  
2.34375000   14.90538366  1.83583556   1.69485390   1.68514610  
2.35000000   14.93951788  1.82263983   1.71899202   1.66100798  
2.35625000   14.97341011  1.80990037   1.74213032   1.63786968  
2.36250000   15.00706895  1.79762858   1.76426574   1.61573426  
2.36875000   15.04050323  1.78583514   1.78539642   1.59460358  
2.37500000   15.07372199  1.77453007   1.80552152   1.57447848  
2.38125000   15.10673441  1.76372270   1.82464113   1.55535887  
2.38750000   15.13954987  1.75342174   1.84275610   1.53724390  
2.39375000   15.17217789  1.74363531   1.85986795   1.52013205  
2.40000000   15.20462816  1.73437093   1.87597875   1.50402125  
2.40625000   15.23691047  1.72563554   1.89109099   1.48890901  
2.41250000   15.26903475  1.71743557   1.90520753   1.47479247  
2.41875000   15.30101106  1.70977692   1.91833144   1.46166856  
2.42500000   15.33284955  1.70266499   1.93046596   1.44953404  
2.43125000   15.36456046  1.69610470   1.94161442   1.43838558  
2.43750000   15.39615414  1.69010052   1.95178012   1.42821988  
2.44375000   15.42764099  1.68465645   1.96096633   1.41903367  
2.45000000   15.45903151  1.67977608   1.96917616   1.41082384  
2.45625000   15.49033624  1.67546259   1.97641255   1.40358745  
2.46250000   15.52156579  1.67171874   1.98267823   1.39732177  
2.46875000   15.55273081  1.66854690   1.98797562   1.39202438  
2.47500000   15.58384199  1.66594908   1.99230684   1.38769316  
2.48125000   15.61491006  1.66392688   1.99567367   1.38432633  
2.48750000   15.64594578  1.66248156   1.99807753   1.38192247  
2.49375000   15.67695992  1.66161401   1.99951943   1.38048057  
2.50000000   15.70796327  1.66132477   2.00000000   1.38000000  
