W0/w0        W0/2w0       T/T0         omega/omega0 Wmin/omega0 
2.00100000   1.00050000   1.54032932   0.64921182   0.06325346  
2.02100000   1.01050000   1.05144323   0.95107370   0.29058734  
2.04100000   1.02050000   0.94163293   1.06198495   0.40703931  
2.06100000   1.03050000   0.87550717   1.14219510   0.49771578  
2.08100000   1.04050000   0.82777211   1.20806197   0.57494435  
2.10100000   1.05050000   0.79026858   1.26539258   0.64358449  
2.12100000   1.06050000   0.75930912   1.31698669   0.70614517  
2.14100000   1.07050000   0.73290745   1.36442875   0.76412106  
2.16100000   1.08050000   0.70986908   1.40871047   0.81848702  
2.18100000   1.09050000   0.68941868   1.45049739   0.86992011  
2.20100000   1.10050000   0.67102398   1.49025970   0.91891294  
2.22100000   1.11050000   0.65430344   1.52834288   0.96583694  
2.24100000   1.12050000   0.63897401   1.56500888   1.01098022  
2.26100000   1.13050000   0.62481982   1.60046140   1.05457148  
2.28100000   1.14050000   0.61167234   1.63486223   1.09679579  
2.30100000   1.15050000   0.59939743   1.66834216   1.13780534  
2.32100000   1.16050000   0.58788652   1.70100856   1.17772705  
2.34100000   1.17050000   0.57705046   1.73295071   1.21666799  
2.36100000   1.18050000   0.56681511   1.76424371   1.25471949  
2.38100000   1.19050000   0.55711815   1.79495140   1.29196014  
2.40100000   1.20050000   0.54790663   1.82512850   1.32845813  
2.42100000   1.21050000   0.53913521   1.85482229   1.36427307  
2.44100000   1.22050000   0.53076473   1.88407396   1.39945739  
2.46100000   1.23050000   0.52276113   1.91291957   1.43405753  
2.48100000   1.24050000   0.51509461   1.94139092   1.46811478  
2.50100000   1.25050000   0.50773891   1.96951619   1.50166607  
2.52100000   1.26050000   0.50067078   1.99732047   1.53474460  
2.54100000   1.27050000   0.49386955   2.02482621   1.56738030  
2.56100000   1.28050000   0.48731672   2.05205356   1.59960026  
2.58100000   1.29050000   0.48099569   2.07902071   1.63142913  
2.60100000   1.30050000   0.47489151   2.10574412   1.66288935  
2.62100000   1.31050000   0.46899064   2.13223873   1.69400148  
2.64100000   1.32050000   0.46328079   2.15851817   1.72478433  
2.66100000   1.33050000   0.45775078   2.18459485   1.75525525  
2.68100000   1.34050000   0.45239039   2.21048019   1.78543020  
2.70100000   1.35050000   0.44719026   2.23618464   1.81532394  
2.72100000   1.36050000   0.44214180   2.26171784   1.84495013  
2.74100000   1.37050000   0.43723709   2.28708868   1.87432148  
2.76100000   1.38050000   0.43246883   2.31230539   1.90344976  
2.78100000   1.39050000   0.42783026   2.33737558   1.93234598  
2.80100000   1.40050000   0.42331513   2.36230632   1.96102040  
2.82100000   1.41050000   0.41891761   2.38710420   1.98948260  
2.84100000   1.42050000   0.41463232   2.41177536   2.01774156  
2.86100000   1.43050000   0.41045419   2.43632550   2.04580571  
2.88100000   1.44050000   0.40637852   2.46075998   2.07368296  
2.90100000   1.45050000   0.40240092   2.48508380   2.10138074  
2.92100000   1.46050000   0.39851725   2.50930167   2.12890606  
2.94100000   1.47050000   0.39472365   2.53341799   2.15626552  
2.96100000   1.48050000   0.39101649   2.55743691   2.18346536  
2.98100000   1.49050000   0.38739234   2.58136231   2.21051148  
3.00100000   1.50050000   0.38384800   2.60519789   2.23740944  
3.02100000   1.51050000   0.38038042   2.62894710   2.26416453  
3.04100000   1.52050000   0.37698674   2.65261323   2.29078174  
3.06100000   1.53050000   0.37366424   2.67619936   2.31726585  
3.08100000   1.54050000   0.37041037   2.69970843   2.34362134  
3.10100000   1.55050000   0.36722270   2.72314321   2.36985253  
3.12100000   1.56050000   0.36409892   2.74650635   2.39596348  
3.14100000   1.57050000   0.36103685   2.76980033   2.42195809  
3.16100000   1.58050000   0.35803442   2.79302753   2.44784007  
3.18100000   1.59050000   0.35508965   2.81619022   2.47361294  
3.20100000   1.60050000   0.35220066   2.83929053   2.49928010  
3.22100000   1.61050000   0.34936566   2.86233052   2.52484475  
3.24100000   1.62050000   0.34658295   2.88531213   2.55030998  
3.26100000   1.63050000   0.34385091   2.90823722   2.57567875  
3.28100000   1.64050000   0.34116796   2.93110757   2.60095386  
3.30100000   1.65050000   0.33853264   2.95392488   2.62613804  
3.32100000   1.66050000   0.33594353   2.97669077   2.65123386  
3.34100000   1.67050000   0.33339926   2.99940678   2.67624382  
3.36100000   1.68050000   0.33089854   3.02207440   2.70117030  
3.38100000   1.69050000   0.32844012   3.04469505   2.72601559  
3.40100000   1.70050000   0.32602281   3.06727009   2.75078189  
3.42100000   1.71050000   0.32364546   3.08980083   2.77547131  
3.44100000   1.72050000   0.32130697   3.11228852   2.80008589  
3.46100000   1.73050000   0.31900630   3.13473436   2.82462759  
3.48100000   1.74050000   0.31674242   3.15713951   2.84909828  
3.50100000   1.75050000   0.31451436   3.17950506   2.87349978  
3.52100000   1.76050000   0.31232119   3.20183210   2.89783385  
3.54100000   1.77050000   0.31016200   3.22412164   2.92210215  
3.56100000   1.78050000   0.30803592   3.24637467   2.94630633  
3.58100000   1.79050000   0.30594212   3.26859214   2.97044795  
3.60100000   1.80050000   0.30387979   3.29077497   2.99452851  
3.62100000   1.81050000   0.30184815   3.31292404   3.01854949  
3.64100000   1.82050000   0.29984646   3.33504019   3.04251228  
3.66100000   1.83050000   0.29787399   3.35712425   3.06641827  
3.68100000   1.84050000   0.29593004   3.37917701   3.09026876  
3.70100000   1.85050000   0.29401394   3.40119922   3.11406503  
3.72100000   1.86050000   0.29212504   3.42319163   3.13780831  
3.74100000   1.87050000   0.29026271   3.44515495   3.16149980  
3.76100000   1.88050000   0.28842633   3.46708987   3.18514066  
3.78100000   1.89050000   0.28661532   3.48899704   3.20873199  
3.80100000   1.90050000   0.28482911   3.51087712   3.23227490  
3.82100000   1.91050000   0.28306714   3.53273073   3.25577042  
3.84100000   1.92050000   0.28132889   3.55455846   3.27921957  
3.86100000   1.93050000   0.27961384   3.57636090   3.30262335  
3.88100000   1.94050000   0.27792148   3.59813861   3.32598271  
3.90100000   1.95050000   0.27625132   3.61989215   3.34929858  
3.92100000   1.96050000   0.27460291   3.64162203   3.37257187  
3.94100000   1.97050000   0.27297577   3.66332877   3.39580344  
3.96100000   1.98050000   0.27136947   3.68501287   3.41899415  
3.98100000   1.99050000   0.26978358   3.70667482   3.44214483  
4.00100000   2.00050000   0.26821767   3.72831507   3.46525627  
4.02100000   2.01050000   0.26667135   3.74993409   3.48832926  
4.04100000   2.02050000   0.26514422   3.77153231   3.51136455  
4.06100000   2.03050000   0.26363590   3.79311016   3.53436288  
4.08100000   2.04050000   0.26214601   3.81466806   3.55732498  
4.10100000   2.05050000   0.26067419   3.83620641   3.58025153  
4.12100000   2.06050000   0.25922010   3.85772560   3.60314321  
4.14100000   2.07050000   0.25778338   3.87922602   3.62600069  
4.16100000   2.08050000   0.25636371   3.90070803   3.64882461  
4.18100000   2.09050000   0.25496077   3.92217200   3.67161558  
4.20100000   2.10050000   0.25357424   3.94361827   3.69437424  
4.22100000   2.11050000   0.25220381   3.96504719   3.71710116  
4.24100000   2.12050000   0.25084918   3.98645908   3.73979692  
4.26100000   2.13050000   0.24951007   4.00785428   3.76246209  
4.28100000   2.14050000   0.24818619   4.02923310   3.78509722  
4.30100000   2.15050000   0.24687726   4.05059583   3.80770285  
4.32100000   2.16050000   0.24558302   4.07194278   3.83027949  
4.34100000   2.17050000   0.24430320   4.09327425   3.85282766  
4.36100000   2.18050000   0.24303755   4.11459050   3.87534786  
4.38100000   2.19050000   0.24178582   4.13589183   3.89784056  
4.40100000   2.20050000   0.24054777   4.15717849   3.92030624  
4.42100000   2.21050000   0.23932315   4.17845075   3.94274536  
4.44100000   2.22050000   0.23811174   4.19970886   3.96515838  
4.46100000   2.23050000   0.23691332   4.22095308   3.98754574  
4.48100000   2.24050000   0.23572765   4.24218364   4.00990785  
4.50100000   2.25050000   0.23455454   4.26340079   4.03224516  
4.52100000   2.26050000   0.23339376   4.28460475   4.05455805  
4.54100000   2.27050000   0.23224511   4.30579575   4.07684694  
4.56100000   2.28050000   0.23110839   4.32697402   4.09911222  
4.58100000   2.29050000   0.22998341   4.34813976   4.12135427  
4.60100000   2.30050000   0.22886997   4.36929318   4.14357346  
4.62100000   2.31050000   0.22776789   4.39043450   4.16577016  
4.64100000   2.32050000   0.22667698   4.41156391   4.18794472  
4.66100000   2.33050000   0.22559707   4.43268161   4.21009750  
4.68100000   2.34050000   0.22452799   4.45378779   4.23222885  
4.70100000   2.35050000   0.22346955   4.47488264   4.25433908  
4.72100000   2.36050000   0.22242159   4.49596633   4.27642853  
4.74100000   2.37050000   0.22138396   4.51703906   4.29849753  
4.76100000   2.38050000   0.22035649   4.53810098   4.32054638  
4.78100000   2.39050000   0.21933902   4.55915228   4.34257539  
4.80100000   2.40050000   0.21833141   4.58019312   4.36458486  
4.82100000   2.41050000   0.21733349   4.60122367   4.38657509  
4.84100000   2.42050000   0.21634513   4.62224408   4.40854636  
4.86100000   2.43050000   0.21536618   4.64325451   4.43049896  
4.88100000   2.44050000   0.21439651   4.66425512   4.45243316  
4.90100000   2.45050000   0.21343596   4.68524605   4.47434923  
4.92100000   2.46050000   0.21248442   4.70622746   4.49624744  
4.94100000   2.47050000   0.21154174   4.72719947   4.51812804  
4.96100000   2.48050000   0.21060780   4.74816225   4.53999130  
4.98100000   2.49050000   0.20968247   4.76911591   4.56183746  
5.00100000   2.50050000   0.20876563   4.79006061   4.58366676  
5.02100000   2.51050000   0.20785715   4.81099646   4.60547945  
5.04100000   2.52050000   0.20695691   4.83192361   4.62727576  
5.06100000   2.53050000   0.20606481   4.85284217   4.64905593  
5.08100000   2.54050000   0.20518072   4.87375227   4.67082016  
5.10100000   2.55050000   0.20430453   4.89465404   4.69256870  
5.12100000   2.56050000   0.20343613   4.91554759   4.71430175  
5.14100000   2.57050000   0.20257542   4.93643303   4.73601953  
5.16100000   2.58050000   0.20172228   4.95731049   4.75772225  
5.18100000   2.59050000   0.20087662   4.97818008   4.77941011  
5.20100000   2.60050000   0.20003833   4.99904191   4.80108332  
5.22100000   2.61050000   0.19920731   5.01989608   4.82274206  
5.24100000   2.62050000   0.19838346   5.04074270   4.84438655  
5.26100000   2.63050000   0.19756669   5.06158188   4.86601695  
5.28100000   2.64050000   0.19675691   5.08241371   4.88763348  
5.30100000   2.65050000   0.19595401   5.10323830   4.90923629  
5.32100000   2.66050000   0.19515791   5.12405575   4.93082559  
5.34100000   2.67050000   0.19436852   5.14486615   4.95240154  
5.36100000   2.68050000   0.19358575   5.16566959   4.97396431  
5.38100000   2.69050000   0.19280951   5.18646618   4.99551409  
5.40100000   2.70050000   0.19203972   5.20725600   5.01705103  
5.42100000   2.71050000   0.19127630   5.22803913   5.03857529  
5.44100000   2.72050000   0.19051917   5.24881568   5.06008705  
5.46100000   2.73050000   0.18976824   5.26958572   5.08158646  
5.48100000   2.74050000   0.18902343   5.29034934   5.10307368  
5.50100000   2.75050000   0.18828468   5.31110662   5.12454886  
5.52100000   2.76050000   0.18755189   5.33185765   5.14601215  
5.54100000   2.77050000   0.18682501   5.35260250   5.16746369  
5.56100000   2.78050000   0.18610394   5.37334125   5.18890364  
5.58100000   2.79050000   0.18538863   5.39407399   5.21033214  
5.60100000   2.80050000   0.18467900   5.41480078   5.23174933  
5.62100000   2.81050000   0.18397498   5.43552171   5.25315534  
5.64100000   2.82050000   0.18327650   5.45623684   5.27455031  
5.66100000   2.83050000   0.18258350   5.47694625   5.29593438  
5.68100000   2.84050000   0.18189590   5.49765000   5.31730768  
5.70100000   2.85050000   0.18121365   5.51834818   5.33867034  
5.72100000   2.86050000   0.18053667   5.53904084   5.36002248  
5.74100000   2.87050000   0.17986491   5.55972806   5.38136423  
5.76100000   2.88050000   0.17919831   5.58040990   5.40269572  
5.78100000   2.89050000   0.17853679   5.60108643   5.42401705  
5.80100000   2.90050000   0.17788031   5.62175770   5.44532836  
5.82100000   2.91050000   0.17722880   5.64242379   5.46662977  
5.84100000   2.92050000   0.17658221   5.66308476   5.48792137  
5.86100000   2.93050000   0.17594047   5.68374066   5.50920330  
5.88100000   2.94050000   0.17530353   5.70439156   5.53047566  
5.90100000   2.95050000   0.17467134   5.72503751   5.55173856  
5.92100000   2.96050000   0.17404385   5.74567858   5.57299210  
5.94100000   2.97050000   0.17342099   5.76631482   5.59423641  
5.96100000   2.98050000   0.17280271   5.78694628   5.61547157  
5.98100000   2.99050000   0.17218897   5.80757303   5.63669770  
6.00100000   3.00050000   0.17157971   5.82819512   5.65791490  
6.02100000   3.01050000   0.17097487   5.84881259   5.67912326  
6.04100000   3.02050000   0.17037443   5.86942551   5.70032289  
6.06100000   3.03050000   0.16977831   5.89003393   5.72151387  
6.08100000   3.04050000   0.16918648   5.91063789   5.74269632  
6.10100000   3.05050000   0.16859888   5.93123745   5.76387031  
6.12100000   3.06050000   0.16801548   5.95183265   5.78503595  
6.14100000   3.07050000   0.16743622   5.97242356   5.80619333  
6.16100000   3.08050000   0.16686105   5.99301020   5.82734253  
6.18100000   3.09050000   0.16628995   6.01359263   5.84848365  
6.20100000   3.10050000   0.16572285   6.03417090   5.86961677  
6.22100000   3.11050000   0.16515972   6.05474506   5.89074197  
6.24100000   3.12050000   0.16460051   6.07531514   5.91185935  
6.26100000   3.13050000   0.16404519   6.09588120   5.93296899  
6.28100000   3.14050000   0.16349371   6.11644327   5.95407096  
6.30100000   3.15050000   0.16294603   6.13700140   5.97516535  
6.32100000   3.16050000   0.16240211   6.15755563   5.99625225  
6.34100000   3.17050000   0.16186190   6.17810601   6.01733172  
6.36100000   3.18050000   0.16132538   6.19865257   6.03840385  
6.38100000   3.19050000   0.16079250   6.21919537   6.05946871  
6.40100000   3.20050000   0.16026323   6.23973442   6.08052638  
6.42100000   3.21050000   0.15973752   6.26026979   6.10157693  
6.44100000   3.22050000   0.15921535   6.28080149   6.12262044  
6.46100000   3.23050000   0.15869667   6.30132958   6.14365697  
6.48100000   3.24050000   0.15818144   6.32185410   6.16468661  
6.50100000   3.25050000   0.15766964   6.34237507   6.18570942  
6.52100000   3.26050000   0.15716123   6.36289253   6.20672547  
6.54100000   3.27050000   0.15665617   6.38340653   6.22773482  
6.56100000   3.28050000   0.15615443   6.40391710   6.24873755  
6.58100000   3.29050000   0.15565597   6.42442427   6.26973373  
6.60100000   3.30050000   0.15516077   6.44492807   6.29072341  
6.62100000   3.31050000   0.15466879   6.46542855   6.31170666  
6.64100000   3.32050000   0.15418000   6.48592573   6.33268355  
6.66100000   3.33050000   0.15369436   6.50641965   6.35365415  
6.68100000   3.34050000   0.15321185   6.52691035   6.37461850  
6.70100000   3.35050000   0.15273243   6.54739784   6.39557667  
6.72100000   3.36050000   0.15225608   6.56788218   6.41652873  
6.74100000   3.37050000   0.15178276   6.58836338   6.43747474  
6.76100000   3.38050000   0.15131245   6.60884148   6.45841474  
6.78100000   3.39050000   0.15084511   6.62931651   6.47934881  
6.80100000   3.40050000   0.15038072   6.64978850   6.50027699  
6.82100000   3.41050000   0.14991925   6.67025747   6.52119935  
6.84100000   3.42050000   0.14946067   6.69072347   6.54211594  
6.86100000   3.43050000   0.14900495   6.71118652   6.56302682  
6.88100000   3.44050000   0.14855206   6.73164664   6.58393203  
6.90100000   3.45050000   0.14810199   6.75210387   6.60483164  
6.92100000   3.46050000   0.14765469   6.77255823   6.62572570  
6.94100000   3.47050000   0.14721015   6.79300975   6.64661425  
6.96100000   3.48050000   0.14676834   6.81345846   6.66749736  
6.98100000   3.49050000   0.14632924   6.83390438   6.68837506  
7.00100000   3.50050000   0.14589281   6.85434754   6.70924742  
7.02100000   3.51050000   0.14545903   6.87478798   6.73011449  
7.04100000   3.52050000   0.14502788   6.89522570   6.75097630  
7.06100000   3.53050000   0.14459934   6.91566075   6.77183291  
7.08100000   3.54050000   0.14417338   6.93609313   6.79268437  
7.10100000   3.55050000   0.14374998   6.95652289   6.81353073  
7.12100000   3.56050000   0.14332910   6.97695004   6.83437203  
7.14100000   3.57050000   0.14291074   6.99737461   6.85520831  
7.16100000   3.58050000   0.14249487   7.01779661   6.87603963  
7.18100000   3.59050000   0.14208146   7.03821609   6.89686603  
7.20100000   3.60050000   0.14167049   7.05863305   6.91768755  
7.22100000   3.61050000   0.14126194   7.07904752   6.93850423  
7.24100000   3.62050000   0.14085579   7.09945953   6.95931613  
7.26100000   3.63050000   0.14045202   7.11986909   6.98012328  
7.28100000   3.64050000   0.14005060   7.14027623   7.00092572  
7.30100000   3.65050000   0.13965152   7.16068098   7.02172351  
7.32100000   3.66050000   0.13925475   7.18108334   7.04251667  
7.34100000   3.67050000   0.13886028   7.20148335   7.06330525  
7.36100000   3.68050000   0.13846808   7.22188102   7.08408929  
7.38100000   3.69050000   0.13807813   7.24227638   7.10486882  
7.40100000   3.70050000   0.13769042   7.26266945   7.12564390  
7.42100000   3.71050000   0.13730492   7.28306024   7.14641456  
7.44100000   3.72050000   0.13692161   7.30344878   7.16718083  
7.46100000   3.73050000   0.13654049   7.32383508   7.18794275  
7.48100000   3.74050000   0.13616151   7.34421917   7.20870037  
7.50100000   3.75050000   0.13578468   7.36460107   7.22945371  
7.52100000   3.76050000   0.13540997   7.38498079   7.25020282  
7.54100000   3.77050000   0.13503735   7.40535835   7.27094774  
7.56100000   3.78050000   0.13466683   7.42573378   7.29168849  
7.58100000   3.79050000   0.13429836   7.44610709   7.31242511  
7.60100000   3.80050000   0.13393195   7.46647830   7.33315764  
7.62100000   3.81050000   0.13356757   7.48684742   7.35388612  
7.64100000   3.82050000   0.13320520   7.50721448   7.37461057  
7.66100000   3.83050000   0.13284483   7.52757949   7.39533103  
7.68100000   3.84050000   0.13248644   7.54794247   7.41604753  
7.70100000   3.85050000   0.13213001   7.56830344   7.43676011  
7.72100000   3.86050000   0.13177553   7.58866242   7.45746881  
7.74100000   3.87050000   0.13142298   7.60901941   7.47817364  
7.76100000   3.88050000   0.13107235   7.62937444   7.49887465  
7.78100000   3.89050000   0.13072361   7.64972753   7.51957186  
7.80100000   3.90050000   0.13037676   7.67007869   7.54026531  
7.82100000   3.91050000   0.13003178   7.69042793   7.56095503  
7.84100000   3.92050000   0.12968865   7.71077528   7.58164105  
7.86100000   3.93050000   0.12934735   7.73112074   7.60232339  
7.88100000   3.94050000   0.12900788   7.75146434   7.62300210  
7.90100000   3.95050000   0.12867022   7.77180609   7.64367719  
7.92100000   3.96050000   0.12833435   7.79214601   7.66434870  
7.94100000   3.97050000   0.12800026   7.81248410   7.68501666  
7.96100000   3.98050000   0.12766793   7.83282039   7.70568109  
7.98100000   3.99050000   0.12733736   7.85315488   7.72634202  
8.00100000   4.00050000   0.12700852   7.87348760   7.74699948  
8.02100000   4.01050000   0.12668140   7.89381856   7.76765351  
8.04100000   4.02050000   0.12635599   7.91414777   7.78830412  
8.06100000   4.03050000   0.12603228   7.93447525   7.80895134  
8.08100000   4.04050000   0.12571025   7.95480100   7.82959520  
8.10100000   4.05050000   0.12538988   7.97512505   7.85023573  
8.12100000   4.06050000   0.12507117   7.99544741   7.87087295  
8.14100000   4.07050000   0.12475411   8.01576809   7.89150689  
8.16100000   4.08050000   0.12443867   8.03608711   7.91213757  
8.18100000   4.09050000   0.12412485   8.05640447   7.93276503  
8.20100000   4.10050000   0.12381263   8.07672019   7.95338928  
8.22100000   4.11050000   0.12350201   8.09703428   7.97401035  
8.24100000   4.12050000   0.12319296   8.11734677   7.99462826  
8.26100000   4.13050000   0.12288548   8.13765765   8.01524304  
8.28100000   4.14050000   0.12257956   8.15796694   8.03585471  
8.30100000   4.15050000   0.12227518   8.17827466   8.05646331  
8.32100000   4.16050000   0.12197233   8.19858081   8.07706884  
8.34100000   4.17050000   0.12167100   8.21888541   8.09767133  
8.36100000   4.18050000   0.12137118   8.23918847   8.11827081  
8.38100000   4.19050000   0.12107285   8.25949000   8.13886730  
8.40100000   4.20050000   0.12077601   8.27979002   8.15946083  
8.42100000   4.21050000   0.12048064   8.30008853   8.18005141  
8.44100000   4.22050000   0.12018674   8.32038555   8.20063906  
8.46100000   4.23050000   0.11989429   8.34068109   8.22122381  
8.48100000   4.24050000   0.11960327   8.36097515   8.24180569  
8.50100000   4.25050000   0.11931369   8.38126776   8.26238470  
8.52100000   4.26050000   0.11902553   8.40155892   8.28296088  
8.54100000   4.27050000   0.11873878   8.42184864   8.30353425  
8.56100000   4.28050000   0.11845342   8.44213693   8.32410482  
8.58100000   4.29050000   0.11816945   8.46242381   8.34467261  
8.60100000   4.30050000   0.11788686   8.48270928   8.36523765  
8.62100000   4.31050000   0.11760564   8.50299336   8.38579996  
8.64100000   4.32050000   0.11732578   8.52327605   8.40635956  
8.66100000   4.33050000   0.11704726   8.54355737   8.42691646  
8.68100000   4.34050000   0.11677008   8.56383733   8.44747069  
8.70100000   4.35050000   0.11649423   8.58411593   8.46802226  
8.72100000   4.36050000   0.11621970   8.60439319   8.48857120  
8.74100000   4.37050000   0.11594648   8.62466911   8.50911752  
8.76100000   4.38050000   0.11567455   8.64494371   8.52966125  
8.78100000   4.39050000   0.11540392   8.66521699   8.55020240  
8.80100000   4.40050000   0.11513457   8.68548897   8.57074098  
8.82100000   4.41050000   0.11486648   8.70575965   8.59127703  
8.84100000   4.42050000   0.11459966   8.72602904   8.61181055  
8.86100000   4.43050000   0.11433410   8.74629716   8.63234157  
8.88100000   4.44050000   0.11406978   8.76656401   8.65287010  
8.90100000   4.45050000   0.11380669   8.78682960   8.67339616  
8.92100000   4.46050000   0.11354483   8.80709395   8.69391977  
8.94100000   4.47050000   0.11328419   8.82735705   8.71444095  
8.96100000   4.48050000   0.11302476   8.84761892   8.73495970  
8.98100000   4.49050000   0.11276653   8.86787956   8.75547606  
9.00100000   4.50050000   0.11250949   8.88813899   8.77599003  
9.02100000   4.51050000   0.11225364   8.90839722   8.79650163  
9.04100000   4.52050000   0.11199896   8.92865425   8.81701089  
9.06100000   4.53050000   0.11174545   8.94891008   8.83751781  
9.08100000   4.54050000   0.11149310   8.96916474   8.85802241  
9.10100000   4.55050000   0.11124190   8.98941823   8.87852471  
9.12100000   4.56050000   0.11099185   9.00967055   8.89902472  
9.14100000   4.57050000   0.11074293   9.02992172   8.91952246  
9.16100000   4.58050000   0.11049514   9.05017173   8.94001795  
9.18100000   4.59050000   0.11024847   9.07042061   8.96051120  
9.20100000   4.60050000   0.11000291   9.09066836   8.98100223  
9.22100000   4.61050000   0.10975846   9.11091498   9.00149104  
9.24100000   4.62050000   0.10951511   9.13116048   9.02197767  
9.26100000   4.63050000   0.10927284   9.15140488   9.04246211  
9.28100000   4.64050000   0.10903166   9.17164818   9.06294439  
9.30100000   4.65050000   0.10879155   9.19189038   9.08342452  
9.32100000   4.66050000   0.10855251   9.21213149   9.10390251  
9.34100000   4.67050000   0.10831453   9.23237153   9.12437839  
9.36100000   4.68050000   0.10807761   9.25261049   9.14485216  
9.38100000   4.69050000   0.10784173   9.27284839   9.16532383  
9.40100000   4.70050000   0.10760689   9.29308523   9.18579343  
9.42100000   4.71050000   0.10737308   9.31332103   9.20626097  
9.44100000   4.72050000   0.10714030   9.33355578   9.22672645  
9.46100000   4.73050000   0.10690854   9.35378949   9.24718990  
9.48100000   4.74050000   0.10667779   9.37402218   9.26765132  
9.50100000   4.75050000   0.10644805   9.39425384   9.28811073  
9.52100000   4.76050000   0.10621931   9.41448449   9.30856815  
9.54100000   4.77050000   0.10599155   9.43471412   9.32902358  
9.56100000   4.78050000   0.10576479   9.45494276   9.34947704  
9.58100000   4.79050000   0.10553900   9.47517040   9.36992855  
9.60100000   4.80050000   0.10531418   9.49539706   9.39037811  
9.62100000   4.81050000   0.10509034   9.51562273   9.41082573  
9.64100000   4.82050000   0.10486745   9.53584742   9.43127144  
9.66100000   4.83050000   0.10464552   9.55607115   9.45171524  
9.68100000   4.84050000   0.10442453   9.57629391   9.47215715  
9.70100000   4.85050000   0.10420449   9.59651572   9.49259717  
9.72100000   4.86050000   0.10398538   9.61673658   9.51303532  
9.74100000   4.87050000   0.10376720   9.63695649   9.53347161  
9.76100000   4.88050000   0.10354995   9.65717546   9.55390606  
9.78100000   4.89050000   0.10333361   9.67739350   9.57433867  
9.80100000   4.90050000   0.10311818   9.69761062   9.59476946  
9.82100000   4.91050000   0.10290367   9.71782682   9.61519844  
9.84100000   4.92050000   0.10269005   9.73804210   9.63562562  
9.86100000   4.93050000   0.10247732   9.75825647   9.65605100  
9.88100000   4.94050000   0.10226549   9.77846994   9.67647462  
9.90100000   4.95050000   0.10205454   9.79868252   9.69689646  
9.92100000   4.96050000   0.10184446   9.81889420   9.71731655  
9.94100000   4.97050000   0.10163526   9.83910500   9.73773490  
9.96100000   4.98050000   0.10142693   9.85931491   9.75815152  
9.98100000   4.99050000   0.10121945   9.87952396   9.77856641  
10.00100000  5.00050000   0.10101283   9.89973213   9.79897959  
