theta        omega       
0.00000000   2.00000000  
0.14178602   1.99497629  
0.28286391   1.98002789  
0.42253770   1.95553247  
0.56014921   1.92207609  
0.69509333   1.88042323  
0.82681189   1.83150330  
0.95479413   1.77633175  
1.07866886   1.71602856  
1.19813459   1.65167046  
1.31294781   1.58427002  
1.42292298   1.51477570  
1.52793252   1.44407178  
1.62790683   1.37297843  
1.72283425   1.30225165  
1.81276111   1.23258330  
1.89779001   1.16453680  
1.97806168   1.09840534  
2.05372944   1.03443489  
2.12495351   0.97283029  
2.19190096   0.91375371  
2.25474575   0.85732461  
2.31366869   0.80361974  
2.36885743   0.75267318  
2.42050650   0.70447630  
2.46881731   0.65897779  
2.51399809   0.61608363  
2.55626058   0.57566653  
2.59577692   0.53764382  
2.63269327   0.50192287  
2.66715333   0.46840333  
2.69929786   0.43698388  
2.72926461   0.40756221  
2.75718838   0.38003507  
2.78320096   0.35429820  
2.80743120   0.33024639  
2.83000494   0.30777345  
2.85104505   0.28677221  
2.87067132   0.26713461  
2.88897951   0.24876883  
2.90604045   0.23160554  
2.92192656   0.21557537  
2.93670820   0.20061058  
2.95045368   0.18664501  
2.96322925   0.17361409  
2.97509911   0.16145488  
2.98612538   0.15010600  
2.99636815   0.13950769  
3.00588544   0.12960179  
3.01473322   0.12033173  
3.02296115   0.11164645  
3.03060054   0.10351204  
3.03768373   0.09589410  
3.04424239   0.08875865  
3.05030704   0.08207256  
3.05590707   0.07580355  
3.06107074   0.06992020  
3.06582516   0.06439191  
3.07019632   0.05918896  
3.07420905   0.05428246  
3.07788707   0.04964438  
3.08125187   0.04524848  
3.08431676   0.04107604  
3.08709432   0.03710915  
3.08959682   0.03332975  
3.09183577   0.02971999  
3.09382192   0.02626220  
3.09556525   0.02293891  
3.09707500   0.01973283  
3.09835963   0.01662688  
3.09942684   0.01360418  
3.10028359   0.01064802  
3.10093553   0.00774225  
3.10138413   0.00487357  
3.10163064   0.00202907  
3.10167575   -0.00080469 
3.10151927   -0.00364148 
3.10116021   -0.00649545 
3.10059671   -0.00938112 
3.09982607   -0.01231339 
3.09884474   -0.01530751 
3.09764834   -0.01837911 
3.09623164   -0.02154419 
3.09458751   -0.02481905 
3.09270680   -0.02821948 
3.09058015   -0.03176170 
3.08819682   -0.03546306 
3.08554469   -0.03934204 
3.08261024   -0.04341824 
3.07937859   -0.04771244 
3.07583343   -0.05224650 
3.07195710   -0.05704346 
3.06773053   -0.06212746 
3.06313227   -0.06752475 
3.05813811   -0.07326331 
3.05272436   -0.07936982 
3.04686466   -0.08587341 
3.04052983   -0.09280590 
3.03368788   -0.10020170 
3.02630397   -0.10809792 
3.01834044   -0.11653429 
3.00975681   -0.12555319 
3.00050975   -0.13519965 
2.99055314   -0.14552137 
2.97983799   -0.15656865 
2.96831252   -0.16839449 
2.95591911   -0.18105538 
2.94259448   -0.19461290 
2.92827545   -0.20913193 
2.91289279   -0.22468136 
2.89637109   -0.24133409 
2.87862874   -0.25916708 
2.85957793   -0.27826132 
2.83912467   -0.29870183 
2.81716879   -0.32057766 
2.79360392   -0.34398190 
2.76831750   -0.36901167 
2.74119078   -0.39576813 
2.71209883   -0.42435647 
2.68091052   -0.45488590 
2.64748906   -0.48746851 
2.61174198   -0.52210459 
2.57350924   -0.55891919 
2.53258093   -0.59811830 
2.48875203   -0.63986679 
2.44182241   -0.68428840 
2.39159683   -0.73146573 
2.33788496   -0.78144028 
2.28050134   -0.83421240 
2.21926542   -0.88974132 
2.15400152   -0.94794514 
2.08453888   -1.00870084 
2.01071161   -1.07184425 
1.93235872   -1.13717012 
1.84932411   -1.20443202 
1.76145658   -1.27334242 
1.66861721   -1.34368349 
1.57072844   -1.41505772 
1.46777749   -1.48643153 
1.35981381   -1.55677377 
1.24694942   -1.62508456 
1.12935895   -1.69039531 
1.00727962   -1.75176869 
0.88101125   -1.80829866 
0.75091627   -1.85911045 
0.61741967   -1.90336057 
0.48100906   -1.94023681 
0.34223466   -1.96895824 
0.20170927   -1.98877519 
0.06010827   -1.99896929 
-0.08183033  -1.99885344 
-0.22333507  -1.98809774 
-0.36370791  -1.96755270 
-0.50227243  -1.93785101 
-0.63841039  -1.89968261 
-0.77156505  -1.85383398 
-0.90124120  -1.80118815 
-1.02700513  -1.74272466 
-1.14848467  -1.67951962 
-1.26536916  -1.61274565 
-1.37740945  -1.54367191 
-1.48444004  -1.47343884 
-1.58643940  -1.40260034 
-1.68342345  -1.33185161 
-1.77543328  -1.26181739 
-1.86253625  -1.19303586 
-1.94482594  -1.12595872 
-2.02242215  -1.06095109 
-2.09547095  -0.99829160 
-2.16414462  -0.93817232 
-2.22864168  -0.88069883 
-2.28918514  -0.82592478 
-2.34597584  -0.77388919 
-2.39918831  -0.72455958 
-2.44899601  -0.67789116 
-2.49557160  -0.63382842 
-2.53908692  -0.59230516 
-2.57971304  -0.55324447 
-2.61762024  -0.51655876 
-2.65297799  -0.48214969 
-2.68595497  -0.44990828 
-2.71671909  -0.41971479 
-2.74543742  -0.39143883 
-2.77226629  -0.36494712 
-2.79730864  -0.34014464 
-2.82066155  -0.31694468 
-2.84242116  -0.29526099 
-2.86268143  -0.27500855 
-2.88153420  -0.25610356 
-2.89906915  -0.23846343 
-2.91537380  -0.22200681 
-2.93053352  -0.20665355 
-2.94463154  -0.19232475 
-2.95774891  -0.17894271 
-2.96996455  -0.16643095 
-2.98135074  -0.15471812 
-2.99194719  -0.14376144 
-3.00179630  -0.13351722 
-3.01094153  -0.12394081 
-3.01942495  -0.11498874 
-3.02728718  -0.10661864 
-3.03456743  -0.09878933 
-3.04130349  -0.09146074 
-3.04753172  -0.08459397 
-3.05328705  -0.07815124 
-3.05860302  -0.07209592 
-3.06351131  -0.06639291 
-3.06803364  -0.06101627 
-3.07218795  -0.05594395 
-3.07599250  -0.05115328 
-3.07946470  -0.04662203 
-3.08262111  -0.04232834 
-3.08547744  -0.03825078 
-3.08804852  -0.03436831 
-3.09034835  -0.03066030 
-3.09239006  -0.02710653 
-3.09418592  -0.02368717 
-3.09574724  -0.02038290 
-3.09708070  -0.01717785 
-3.09819095  -0.01405821 
-3.09908256  -0.01100964 
-3.09975935  -0.00801760 
-3.10022432  -0.00506742 
-3.10047969  -0.00214420 
-3.10052691  0.00076709  
-3.10036663  0.00368170  
-3.09999869  0.00661502  
-3.09942218  0.00958265  
-3.09863514  0.01260027  
-3.09763244  0.01568252  
-3.09640856  0.01884387  
-3.09495724  0.02209961  
-3.09327102  0.02546586  
-3.09134127  0.02895958  
-3.08915820  0.03259855  
-3.08671084  0.03640135  
-3.08398704  0.04038741  
-3.08097347  0.04457698  
-3.07765509  0.04899168  
-3.07401437  0.05365441  
-3.07003377  0.05858698  
-3.06569373  0.06381302  
-3.06097247  0.06935822  
-3.05584606  0.07525028  
-3.05028834  0.08151896  
-3.04427097  0.08819604  
-3.03776343  0.09531533  
-3.03073298  0.10291269  
-3.02314470  0.11102600  
-3.01496149  0.11969520  
-3.00614267  0.12896318  
-2.99664111  0.13887765  
-2.98641199  0.14948512  
-2.97540636  0.16083570  
-2.96357028  0.17298360  
-2.95084486  0.18598717  
-2.93716622  0.19990888  
-2.92246555  0.21481532  
-2.90666904  0.23077722  
-2.88969794  0.24786943  
-2.87146852  0.26617091  
-2.85189209  0.28576477  
-2.83087499  0.30673823  
-2.80831860  0.32918264  
-2.78412151  0.35318762  
-2.75818959  0.37880986  
-2.73039161  0.40618211  
-2.70058425  0.43544590  
-2.66861971  0.46673141  
-2.63434568  0.50015754  
-2.59760538  0.53583182  
-2.55823755  0.57385047  
-2.51607643  0.61429840  
-2.47095176  0.65724917  
-2.42268882  0.70276502  
-2.37110839  0.75089689  
-2.31602674  0.80168435  
-2.25725570  0.85515569  
-2.19460256  0.91132783  
-2.12787045  0.97020595  
-2.05696119  1.03159563  
-1.98169176  1.09528472  
-1.90180927  1.16111725  
-1.81711593  1.22883544  
-1.72746909  1.29807967  
-1.63278122  1.36838853  
-1.53301994  1.43919878  
-1.42820794  1.50984534  
-1.31842309  1.57956135  
-1.20379836  1.64747811  
-1.08452185  1.71262510  
-0.96083676  1.77392999  
-0.83304147  1.83021862  
-0.70148943  1.88021502  
-0.56658978  1.92254471  
-0.42892276  1.95641870  
-0.28917044  1.98134377  
-0.14799153  1.99671546  
-0.00606948  2.00216607  
0.13588746   1.99756464  
