theta        omega       
-6.28318531  2.10000000  
-6.21260158  2.09881395  
-6.14209739  2.09526297  
-6.07175213  2.08936890  
-6.00164410  2.08116737  
-5.93184985  2.07070727  
-5.86244423  2.05805076  
-5.79351499  2.04326697  
-5.72514237  2.02645054  
-5.65738622  2.00771205  
-5.59030322  1.98716242  
-5.52394684  1.96491292  
-5.45836738  1.94107515  
-5.39361192  1.91576103  
-5.32972434  1.88908285  
-5.26674536  1.86115320  
-5.20471246  1.83208503  
-5.14365995  1.80199163  
-5.08361895  1.77098661  
-5.02461737  1.73918392  
-4.96667992  1.70669785  
-4.90982815  1.67364304  
-4.85408037  1.64013445  
-4.79945171  1.60628737  
-4.74595413  1.57221745  
-4.69359635  1.53804065  
-4.64238393  1.50387329  
-4.59231923  1.46983202  
-4.54340139  1.43603382  
-4.49562638  1.40259601  
-4.44898698  1.36963624  
-4.40347274  1.33727252  
-4.35905287  1.30549485  
-4.31569231  1.27424027  
-4.27337142  1.24354567  
-4.23206997  1.21344548  
-4.19176713  1.18397160  
-4.15244150  1.15515349  
-4.11407108  1.12701806  
-4.07663328  1.09958979  
-4.04010493  1.07289064  
-4.00446227  1.04694007  
-3.96968094  1.02175508  
-3.93573602  0.99735016  
-3.90260197  0.97373732  
-3.87025268  0.95092607  
-3.83866145  0.92892344  
-3.80780098  0.90773397  
-3.77764340  0.88735970  
-3.74816024  0.86780020  
-3.71932245  0.84905254  
-3.69110038  0.83111128  
-3.66346379  0.81396853  
-3.63638184  0.79761391  
-3.60981786  0.78203972  
-3.58374391  0.76724332  
-3.55813858  0.75322133  
-3.53298022  0.73997041  
-3.50824693  0.72748723  
-3.48391656  0.71576853  
-3.45996672  0.70481109  
-3.43637476  0.69461171  
-3.41311779  0.68516725  
-3.39017267  0.67647459  
-3.36751602  0.66853067  
-3.34512420  0.66133247  
-3.32297332  0.65487698  
-3.30103926  0.64916127  
-3.27929763  0.64418242  
-3.25772381  0.63993757  
-3.23629291  0.63642389  
-3.21497983  0.63363859  
-3.19375918  0.63157892  
-3.17260535  0.63024217  
-3.15149248  0.62962568  
-3.13039443  0.62972681  
-3.10928486  0.63054298  
-3.08813714  0.63207163  
-3.06692443  0.63431027  
-3.04561961  0.63725643  
-3.02419533  0.64090766  
-3.00262398  0.64526159  
-2.98087772  0.65031587  
-2.95892894  0.65606842  
-2.93676913  0.66252871  
-2.91438214  0.66971079  
-2.89174226  0.67762513  
-2.86882376  0.68628150  
-2.84560081  0.69568891  
-2.82204753  0.70585562  
-2.79813798  0.71678918  
-2.77384614  0.72849639  
-2.74914594  0.74098331  
-2.72401125  0.75425527  
-2.69841586  0.76831684  
-2.67233352  0.78317189  
-2.64573790  0.79882352  
-2.61860261  0.81527411  
-2.59090120  0.83252529  
-2.56260715  0.85057797  
-2.53369387  0.86943230  
-2.50413473  0.88908771  
-2.47390302  0.90954288  
-2.44297197  0.93079576  
-2.41131474  0.95284357  
-2.37890444  0.97568277  
-2.34571410  0.99930910  
-2.31171671  1.02371756  
-2.27688517  1.04890241  
-2.24119233  1.07485717  
-2.20461881  1.10156439  
-2.16717168  1.12896637  
-2.12881778  1.15704956  
-2.08952097  1.18580192  
-2.04924820  1.21520547  
-2.00796949  1.24523623  
-1.96565793  1.27586424  
-1.92228969  1.30705356  
-1.87784404  1.33876229  
-1.83230331  1.37094253  
-1.78565290  1.40354043  
-1.73788130  1.43649615  
-1.68898009  1.46974385  
-1.63894389  1.50321175  
-1.58777045  1.53682206  
-1.53546055  1.57049104  
-1.48201808  1.60412896  
-1.42744999  1.63764011  
-1.37176633  1.67092280  
-1.31498019  1.70386937  
-1.25710778  1.73636618  
-1.19816836  1.76829362  
-1.13818428  1.79952608  
-1.07718096  1.82993200  
-1.01518692  1.85937383  
-0.95223372  1.88770804  
-0.88835604  1.91478513  
-0.82359161  1.94044961  
-0.75798124  1.96454002  
-0.69156884  1.98689023  
-0.62440731  2.00747987  
-0.55656923  2.02626768  
-0.48813059  2.04313123  
-0.41916718  2.05796237  
-0.34975469  2.07066720  
-0.27996863  2.08116613  
-0.20988437  2.08939381  
-0.13957711  2.09529916  
-0.06912193  2.09884540  
0.00140628   2.10000998  
0.07193273   2.09878467  
0.14238284   2.09517546  
0.21268213   2.08920264  
0.28275630   2.08090078  
0.35253119   2.07031870  
0.42193280   2.05751951  
0.49088728   2.04258056  
0.55932091   2.02559351  
0.62716016   2.00666427  
0.69433161   1.98591302  
0.76076203   1.96347422  
0.82637956   1.93949102  
0.89113932   1.91403490  
0.95500589   1.88721922  
1.01794308   1.85917944  
1.07991770   1.83004713  
1.14089956   1.79995000  
1.20086145   1.76901190  
1.25977919   1.73735279  
1.31763157   1.70508881  
1.37440041   1.67233219  
1.43007050   1.63919132  
1.48462966   1.60577073  
1.53806869   1.57217107  
1.59038139   1.53848913  
1.64156457   1.50481784  
1.69161804   1.47124625  
1.74054460   1.43785957  
1.78835006   1.40473913  
1.83504322   1.37196240  
1.88063589   1.33960297  
1.92514287   1.30773059  
1.96858197   1.27641112  
2.01097483   1.24570080  
2.05234841   1.21561390  
2.09272523   1.18617218  
2.13212738   1.15739947  
2.17057740   1.12931783  
2.20809824   1.10194757  
2.24471328   1.07530722  
2.28044630   1.04941355  
2.31532154   1.02428156  
2.34936364   0.99992450  
2.38259765   0.97635383  
2.41504907   0.95357926  
2.44674381   0.93160872  
2.47770820   0.91044840  
2.50796900   0.89010269  
2.53755339   0.87057424  
2.56648896   0.85186393  
2.59480375   0.83397086  
2.62252620   0.81689237  
2.64968517   0.80062405  
2.67630996   0.78515970  
2.70243029   0.77049138  
2.72807630   0.75660934  
2.75327853   0.74350212  
2.77806856   0.73115856  
2.80247410   0.71957531  
2.82651673   0.70874953  
2.85021813   0.69867835  
2.87360019   0.68935903  
2.89668505   0.68078897  
2.91949509   0.67296568  
2.94205294   0.66588682  
2.96438148   0.65955019  
2.98650382   0.65395368  
3.00844331   0.64909535  
3.03022357   0.64497337  
3.05186843   0.64158605  
3.07340198   0.63893182  
3.09484857   0.63700924  
3.11623275   0.63581702  
3.13757935   0.63535397  
3.15891343   0.63561905  
3.18026030   0.63661135  
3.20164550   0.63833008  
3.22309484   0.64077459  
3.24463434   0.64394436  
3.26629028   0.64783899  
3.28808918   0.65245821  
3.31005782   0.65780189  
3.33222320   0.66387004  
3.35461257   0.67066277  
3.37725343   0.67818035  
3.40017352   0.68642315  
3.42339456   0.69539117  
3.44692167   0.70509007  
3.47078130   0.71553493  
3.49500192   0.72673991  
3.51961185   0.73871772  
3.54463923   0.75147954  
3.57011204   0.76503513  
3.59605810   0.77939272  
3.62250506   0.79455908  
3.64948040   0.81053951  
3.67701143   0.82733782  
3.70512532   0.84495633  
3.73384905   0.86339589  
3.76320943   0.88265587  
3.79323314   0.90273416  
3.82394665   0.92362717  
3.85537630   0.94532983  
3.88754824   0.96783560  
3.92048847   0.99113642  
3.95422281   1.01522281  
3.98877693   1.04008376  
4.02417633   1.06570680  
4.06044634   1.09207799  
4.09761211   1.11918189  
4.13569867   1.14700160  
4.17473083   1.17551871  
4.21473327   1.20471336  
4.25573050   1.23456420  
4.29773200   1.26504536  
4.34074636   1.29611256  
4.38480186   1.32771242  
4.42992324   1.35978757  
4.47613166   1.39227659  
4.52344462   1.42511406  
4.57187605   1.45823055  
4.62143623   1.49155262  
4.67213182   1.52500281  
4.72396589   1.55849966  
4.77693788   1.59195766  
4.83104360   1.62528733  
4.88627525   1.65839516  
4.94262142   1.69118361  
5.00006709   1.72355116  
5.05859360   1.75539225  
5.11817868   1.78659731  
5.17879646   1.81705276  
5.24041743   1.84664102  
5.30300848   1.87524048  
5.36653288   1.90272552  
5.43095027   1.92896650  
5.49621668   1.95382979  
5.56228452   1.97717772  
5.62910261   1.99886862  
5.69661611   2.01875681  
5.76476658   2.03669258  
5.83349199   2.05252223  
5.90272491   2.06611018  
5.97238106   2.07749945  
6.04238228   2.08665394  
6.11265213   2.09351844  
6.18311327   2.09805188  
6.25368744   2.10022725  
6.32429549   2.10003165  
6.39485734   2.09746627  
