time         theta        dtheta/dt    Uw0^2/mg^2   Kw0^2/mg^2  
0.00000000   0.00000000   3.50000000   0.00000000   6.12500000  
0.03000000   0.10498426   3.49842656   0.00550579   6.11949421  
0.06000000   0.20987430   3.49372498   0.02194289   6.10305711  
0.09000000   0.31457702   3.48595104   0.04907266   6.07592734  
0.12000000   0.41900155   3.47519657   0.08650438   6.03849562  
0.15000000   0.52306026   3.46158765   0.13370546   5.99129454  
0.18000000   0.62666983   3.44528227   0.19001502   5.93498498  
0.21000000   0.72975210   3.42646748   0.25466030   5.87033970  
0.24000000   0.83223491   3.40535604   0.32677513   5.79822487  
0.27000000   0.93405283   3.38218280   0.40541975   5.71958025  
0.30000000   1.03514778   3.35720087   0.48960115   5.63539885  
0.33000000   1.13546947   3.33067765   0.57829320   5.54670680  
0.36000000   1.23497580   3.30289085   0.67045603   5.45454397  
0.39000000   1.33363313   3.27412467   0.76505382   5.35994618  
0.42000000   1.43141636   3.24466612   0.86107088   5.26392912  
0.45000000   1.52830903   3.21480155   0.95752549   5.16747451  
0.48000000   1.62430322   3.18481354   1.05348137   5.07151863  
0.51000000   1.71939937   3.15497806   1.14805672   4.97694328  
0.54000000   1.81360610   3.12556205   1.24043093   4.88456907  
0.57000000   1.90693985   3.09682130   1.32984891   4.79515109  
0.60000000   1.99942457   3.06899869   1.41562353   4.70937647  
0.63000000   2.09109125   3.04232278   1.49713605   4.62786395  
0.66000000   2.18197754   3.01700672   1.57383524   4.55116476  
0.69000000   2.27212722   2.99324739   1.64523504   4.47976496  
0.72000000   2.36158975   2.97122483   1.71091150   4.41408850  
0.75000000   2.45041972   2.95110187   1.77049887   4.35450113  
0.78000000   2.53867632   2.93302389   1.82368542   4.30131458  
0.81000000   2.62642288   2.91711875   1.87020909   4.25479091  
0.84000000   2.71372629   2.90349681   1.90985313   4.21514687  
0.87000000   2.80065646   2.89225101   1.94244204   4.18255796  
0.90000000   2.88728587   2.88345698   1.96783792   4.15716208  
0.93000000   2.97368899   2.87717317   1.98593726   4.13906274  
0.96000000   3.05994178   2.87344100   1.99666842   4.12833158  
0.99000000   3.14612121   2.87228489   1.99998975   4.12501025  
1.02000000   3.23230472   2.87371241   1.99588848   4.12911152  
1.05000000   3.31856971   2.87771423   1.98438039   4.14061961  
1.08000000   3.40499306   2.88426413   1.96551022   4.15948978  
1.11000000   3.49165061   2.89331891   1.93935284   4.18564716  
1.14000000   3.57861664   2.90481832   1.90601525   4.21898475  
1.17000000   3.66596339   2.91868492   1.86563917   4.25936083  
1.20000000   3.75376047   2.93482394   1.81840422   4.30659578  
1.23000000   3.84207443   2.95312318   1.76453173   4.36046827  
1.26000000   3.93096817   2.97345295   1.70428878   4.42071122  
1.29000000   4.02050045   2.99566601   1.63799257   4.48700743  
1.32000000   4.11072532   3.01959773   1.56601477   4.55898523  
1.35000000   4.20169168   3.04506628   1.48878569   4.63621431  
1.38000000   4.29344269   3.07187301   1.40679810   4.71820190  
1.41000000   4.38601530   3.09980314   1.32061025   4.80438975  
1.44000000   4.47943981   3.12862653   1.23084803   4.89415197  
1.47000000   4.57373939   3.15809886   1.13820579   4.98679421  
1.50000000   4.66892967   3.18796310   1.04344563   5.08155437  
1.53000000   4.76501842   3.21795126   0.94739486   5.17760514  
1.56000000   4.86200522   3.24778653   0.85094133   5.27405867  
1.59000000   4.95988125   3.27718581   0.75502659   5.36997341  
1.62000000   5.05862914   3.30586252   0.66063650   5.46436350  
1.65000000   5.15822291   3.33352979   0.56878956   5.55621044  
1.68000000   5.25862799   3.35990393   0.48052279   5.64447721  
1.71000000   5.35980144   3.38470811   0.39687552   5.72812448  
1.74000000   5.46169212   3.40767625   0.31887129   5.80612871  
1.77000000   5.56424113   3.42855699   0.24749849   5.87750151  
1.80000000   5.66738233   3.44711761   0.18369010   5.94130990  
1.83000000   5.77104288   3.46314788   0.12830338   5.99669662  
1.86000000   5.87514404   3.47646367   0.08210017   6.04289983  
1.89000000   5.97960199   3.48691021   0.04572858   6.07927142  
1.92000000   6.08432873   3.49436492   0.01970690   6.10529310  
1.95000000   6.18923308   3.49873970   0.00441027   6.12058973  
1.98000000   6.29422178   3.49998260   0.00006090   6.12493910  
2.01000000   6.39920055   3.49807884   0.00672222   6.11827778  
2.04000000   6.50407526   3.49305106   0.02429715   6.10070285  
2.07000000   6.60875296   3.48495891   0.05253068   6.07246932  
2.10000000   6.71314309   3.47389791   0.09101665   6.03398335  
2.13000000   6.81715843   3.45999761   0.13920828   5.98579172  
2.16000000   6.92071616   3.44341920   0.19643212   5.92856788  
2.19000000   7.02373869   3.42435258   0.26190470   5.86309530  
2.22000000   7.12615457   3.40301303   0.33475116   5.79024884  
2.25000000   7.22789911   3.37963750   0.41402518   5.71097482  
2.28000000   7.32891501   3.35448078   0.49872934   5.62627066  
2.31000000   7.42915283   3.32781154   0.58783519   5.53716481  
2.34000000   7.52857136   3.29990835   0.68030244   5.44469756  
2.37000000   7.62713784   3.27105589   0.77509670   5.34990330  
2.40000000   7.72482809   3.24154123   0.87120522   5.25379478  
2.43000000   7.82162655   3.21165049   0.96765056   5.15734944  
2.46000000   7.91752618   3.18166567   1.06350179   5.06149821  
2.49000000   8.01252830   3.15186190   1.15788327   4.96711673  
2.52000000   8.10664237   3.12250505   1.24998110   4.87501890  
2.55000000   8.19988563   3.09384962   1.33904726   4.78595274  
2.58000000   8.29228278   3.06613705   1.42440181   4.70059819  
2.61000000   8.38386555   3.03959432   1.50543318   4.61956682  
2.64000000   8.47467226   3.01443291   1.58159710   4.54340290  
2.67000000   8.56474730   2.99084796   1.65241423   4.47258577  
2.70000000   8.65414069   2.96901772   1.71746690   4.40753310  
2.73000000   8.74290752   2.94910317   1.77639524   4.34860476  
2.76000000   8.83110748   2.93124787   1.82889297   4.29610703  
2.79000000   8.91880425   2.91557783   1.87470297   4.25029703  
2.82000000   9.00606509   2.90220157   1.91361302   4.21138698  
2.85000000   9.09296020   2.89121021   1.94545175   4.17954825  
2.88000000   9.17956229   2.88267758   1.97008499   4.15491501  
2.91000000   9.26594602   2.87666032   1.98741270   4.13758730  
2.94000000   9.35218747   2.87319806   1.99736647   4.12763353  
2.97000000   9.43836368   2.87231345   1.99990772   4.12509228  
3.00000000   9.52455212   2.87401229   1.99502669   4.12997331  
3.03000000   9.61083015   2.87828346   1.98274216   4.14225784  
3.06000000   9.69727457   2.88509897   1.96310197   4.16189803  
3.09000000   9.78396109   2.89441384   1.93618428   4.18881572  
3.12000000   9.87096378   2.90616600   1.90209958   4.22290042  
3.15000000   9.95835463   2.92027621   1.86099343   4.26400657  
3.18000000   10.04620297  2.93664787   1.81304965   4.31195035  
3.21000000   10.13457499  2.95516694   1.75849417   4.36650583  
3.24000000   10.22353316  2.97570189   1.69759914   4.42740086  
3.27000000   10.31313577  2.99810364   1.63068728   4.49431272  
3.30000000   10.40343638  3.02220574   1.55813622   4.56686378  
3.33000000   10.49448329  3.04782457   1.48038269   4.64461731  
3.36000000   10.58631903  3.07475976   1.39792620   4.72707380  
3.39000000   10.67897988  3.10279486   1.31133203   4.81366797  
3.42000000   10.77249541  3.13169818   1.22123326   4.90376674  
3.45000000   10.86688800  3.16122400   1.12833140   4.99666860  
3.48000000   10.96217249  3.19111404   1.03339559   5.09160441  
3.51000000   11.05835580  3.22109928   0.93725973   5.18774027  
3.54000000   11.15543663  3.25090212   0.84081770   5.28418230  
3.57000000   11.25340527  3.28023896   0.74501617   5.37998383  
3.60000000   11.35224344  3.30882304   0.65084505   5.47415495  
3.63000000   11.45192425  3.33636765   0.55932547   5.56567453  
3.66000000   11.55241227  3.36258963   0.47149549   5.65350451  
3.69000000   11.65366364  3.38721311   0.38839366   5.73660634  
3.72000000   11.75562642  3.40997338   0.31104077   5.81395923  
3.75000000   11.85824091  3.43062084   0.24042033   5.88457967  
3.78000000   11.96144023  3.44892496   0.17745831   5.94754169  
3.81000000   12.06515089  3.46467809   0.12300286   6.00199714  
3.84000000   12.16929358  3.47769904   0.07780469   6.04719531  
3.87000000   12.27378398  3.48783630   0.04249898   6.08250102  
3.90000000   12.37853372  3.49497080   0.01758954   6.10741046  
3.93000000   12.48345135  3.49901820   0.00343583   6.12156417  
3.96000000   12.58844345  3.49993040   0.00024360   6.12475640  
3.99000000   12.69341570  3.49769656   0.00805938   6.11694062  
4.02000000   12.79827403  3.49234325   0.02676930   6.09823070  
4.05000000   12.90292572  3.48393395   0.05610210   6.06889790  
4.08000000   13.00728049  3.47256785   0.09563626   6.02936374  
4.11000000   13.11125154  3.45837795   0.14481099   5.98018901  
4.14000000   13.21475656  3.44152860   0.20294044   5.92205956  
4.17000000   13.31771859  3.42221255   0.26923062   5.85576938  
4.20000000   13.42006682  3.40064751   0.34279824   5.78220176  
4.23000000   13.52173733  3.37707251   0.42269064   5.70230936  
4.26000000   13.62267363  3.35174397   0.50790618   5.61709382  
4.29000000   13.72282713  3.32493179   0.59741431   5.52758569  
4.32000000   13.82215749  3.29691536   0.69017455   5.43482545  
4.35000000   13.92063286  3.26797979   0.78515406   5.33984594  
4.38000000   14.01822996  3.23841219   0.88134323   5.24365677  
4.41000000   14.11493413  3.20849840   0.97776902   5.14723098  
4.44000000   14.21073922  3.17851981   1.07350592   5.05149408  
4.47000000   14.30564742  3.14875069   1.16768453   4.95731547  
4.50000000   14.39966901  3.11945581   1.25949772   4.86550228  
4.53000000   14.49282204  3.09088837   1.34820455   4.77679545  
4.56000000   14.58513199  3.06328834   1.43313227   4.69186773  
4.59000000   14.67663128  3.03688114   1.51367647   4.61132353  
4.62000000   14.76735889  3.01187654   1.58929984   4.53570016  
4.65000000   14.85735984  2.98846794   1.65952968   4.46547032  
4.68000000   14.94668469  2.96683178   1.72395458   4.40104542  
4.71000000   15.03538906  2.94712724   1.78222053   4.34277947  
4.74000000   15.12353307  2.92949600   1.83402659   4.29097341  
4.77000000   15.21118081  2.91406226   1.87912059   4.24587941  
4.80000000   15.29839985  2.90093269   1.91729476   4.20770524  
4.83000000   15.38526071  2.89019660   1.94838182   4.17661818  
4.86000000   15.47183631  2.88192598   1.97225132   4.15274868  
4.89000000   15.55820148  2.87617571   1.98880665   4.13619335  
4.92000000   15.64443244  2.87298361   1.99798260   4.12701740  
4.95000000   15.73060629  2.87237057   1.99974366   4.12525634  
4.98000000   15.81680051  2.87434059   1.99408307   4.13091693  
5.01000000   15.90309243  2.87888081   1.98102263   4.14397737  
5.04000000   15.98955876  2.88596144   1.96061329   4.16438671  
5.07000000   16.07627506  2.89553570   1.93293650   4.19206350  
5.10000000   16.16331521  2.90753975   1.89810631   4.22689369  
5.13000000   16.25075094  2.92189250   1.85627211   4.26872789  
5.16000000   16.33865127  2.93849554   1.80762198   4.31737802  
5.19000000   16.42708202  2.95723299   1.75238652   4.37261348  
5.22000000   16.51610526  2.97797147   1.69084297   4.43415703  
5.25000000   16.60577881  3.00056007   1.62331962   4.50168038  
5.28000000   16.69615569  3.02483053   1.55020014   4.57479986  
5.31000000   16.78728362  3.05059742   1.47192768   4.65307232  
5.34000000   16.87920449  3.07765868   1.38900853   4.73599147  
5.37000000   16.97195390  3.10579618   1.30201504   4.82298496  
5.40000000   17.06556069  3.13477672   1.21158745   4.91341255  
5.43000000   17.16004647  3.16435318   1.11843449   5.00656551  
5.46000000   17.25542525  3.19426604   1.02333223   5.10166777  
5.49000000   17.35170310  3.22424529   0.92712116   5.19787884  
5.52000000   17.44887785  3.25401257   0.83070110   5.29429890  
5.55000000   17.54693890  3.28328380   0.73502374   5.38997626  
5.58000000   17.64586705  3.31177207   0.64108288   5.48391712  
5.61000000   17.74563452  3.33919088   0.54990214   5.57509786  
5.64000000   17.84620498  3.36525766   0.46252044   5.66247956  
5.67000000   17.94753371  3.38969752   0.37997535   5.74502465  
5.70000000   18.04956792  3.41224715   0.30328468   5.82171532  
5.73000000   18.15224715  3.43265878   0.23342685   5.89157315  
5.76000000   18.25550378  3.45070410   0.17132059   5.95367941  
5.79000000   18.35926368  3.46617809   0.11780472   6.00719528  
5.82000000   18.46344696  3.47890252   0.07361862   6.05138138  
5.85000000   18.56796884  3.48872918   0.03938437   6.08561563  
5.88000000   18.67274057  3.49554255   0.01559115   6.10940885  
5.91000000   18.77767044  3.49926202   0.00258265   6.12241735  
5.94000000   18.88266489  3.49984341   0.00054805   6.12445195  
5.97000000   18.98762958  3.49727979   0.00951703   6.11548297  
6.00000000   19.09247052  3.49160165   0.02935896   6.09564104  
6.03000000   19.19709520  3.48287630   0.05978636   6.06521364  
6.06000000   19.30141365  3.47120656   0.10036250   6.02463750  
6.09000000   19.40533950  3.45672888   0.15051272   5.97448728  
6.12000000   19.50879097  3.43961074   0.20953899   5.91546101  
6.15000000   19.61169169  3.42004766   0.27663702   5.84836298  
6.18000000   19.71397157  3.39825978   0.35091525   5.77408475  
6.21000000   19.81556743  3.37448813   0.43141493   5.69358507  
6.24000000   19.91642360  3.34899076   0.51713045   5.60786955  
6.27000000   20.01649233  3.32203873   0.60702935   5.51797065  
6.30000000   20.11573417  3.29391222   0.70007114   5.42492886  
6.33000000   20.21411817  3.26489670   0.79522476   5.32977524  
6.36000000   20.31162196  3.23527933   0.89148382   5.23351618  
6.39000000   20.40823177  3.20534559   0.98787982   5.13712018  
6.42000000   20.50394234  3.17537627   1.08349278   5.04150722  
6.45000000   20.59875673  3.14564473   1.17745960   4.94754040  
6.48000000   20.69268604  3.11641462   1.26897995   4.85602005  
6.51000000   20.78574914  3.08793782   1.35732001   4.76767999  
6.54000000   20.87797223  3.06045283   1.44181423   4.68318577  
6.57000000   20.96938847  3.03418347   1.52186534   4.60313466  
6.60000000   21.06003748  3.00933782   1.59694294   4.52805706  
6.63000000   21.14996490  2.98610752   1.66658094   4.45841906  
6.66000000   21.23922184  2.96466721   1.73037418   4.39462582  
6.69000000   21.32786441  2.94517422   1.78797440   4.33702560  
6.72000000   21.41595317  2.92776843   1.83908602   4.28591398  
6.75000000   21.50355262  2.91257216   1.88346171   4.24153829  
6.78000000   21.59073065  2.89969027   1.92089817   4.20410183  
6.81000000   21.67755806  2.88921023   1.95123212   4.17376788  
6.84000000   21.76410799  2.88120225   1.97433681   4.15066319  
6.87000000   21.85045545  2.87571938   1.99011904   4.13488096  
6.90000000   21.93667677  2.87279767   1.99851678   4.12648322  
6.93000000   22.02284912  2.87245624   1.99949758   4.12550242  
6.96000000   22.10904998  2.87469731   1.99305768   4.13194232  
6.99000000   22.19535664  2.87950625   1.97922189   4.14577811  
7.02000000   22.28184572  2.88685147   1.95804429   4.16695571  
7.05000000   22.36859261  2.89668443   1.92960966   4.19539034  
7.08000000   22.45567101  2.90893946   1.89403561   4.23096439  
7.11000000   22.54315238  2.92353367   1.85147545   4.27352455  
7.14000000   22.63110543  2.94036681   1.80212153   4.32287847  
7.17000000   22.71959560  2.95932116   1.74620913   4.37879087  
7.20000000   22.80868456  2.98026150   1.68402069   4.44097931  
7.23000000   22.89842963  3.00303510   1.61589009   4.50910991  
7.26000000   22.98888331  3.02747186   1.54220708   4.58279292  
7.29000000   23.08009271  3.05338459   1.46342127   4.66157873  
7.32000000   23.17209911  3.08056950   1.38004578   4.74495422  
7.35000000   23.26493741  3.10880683   1.29266004   4.83233996  
7.38000000   23.35863570  3.13786186   1.20191148   4.92308852  
7.41000000   23.45321482  3.16748608   1.10851597   5.01648403  
7.44000000   23.54868795  3.19741878   1.01325656   5.11174344  
7.47000000   23.64506032  3.22738896   0.91698024   5.20801976  
7.50000000   23.74232888  3.25711754   0.82059267   5.30440733  
7.53000000   23.84048211  3.28631999   0.72505047   5.39994953  
7.56000000   23.93949994  3.31470928   0.63135118   5.49364882  
7.59000000   24.03935367  3.34199917   0.54052078   5.58447922  
7.62000000   24.14000608  3.36790770   0.45359885   5.67140115  
7.65000000   24.24141158  3.39216103   0.37162176   5.75337824  
7.68000000   24.34351656  3.41449729   0.29560413   5.82939587  
7.71000000   24.44625978  3.43467056   0.22651907   5.89848093  
7.74000000   24.54957290  3.45245482   0.16527787   5.95972213  
7.77000000   24.65338115  3.46764769   0.11270976   6.01229024  
7.80000000   24.75760408  3.48007396   0.06954262   6.05545738  
7.83000000   24.86215646  3.48958873   0.03638524   6.08861476  
7.86000000   24.96694916  3.49608008   0.01371205   6.11128795  
7.89000000   25.07189025  3.49947115   0.00185085   6.12314915  
7.92000000   25.17688601  3.49972164   0.00097422   6.12402578  
7.95000000   25.28184210  3.49682858   0.01109496   6.11390504  
7.98000000   25.38666462  3.49082635   0.03206570   6.09293430  
8.01000000   25.49126129  3.48178608   0.06358286   6.06141714  
8.04000000   25.59554246  3.46981423   0.10519462   6.01980538  
8.07000000   25.69942221  3.45505062   0.15631262   5.96868738  
8.10000000   25.80281928  3.43766583   0.21622680   5.90877320  
8.13000000   25.90565793  3.41785816   0.28412280   5.84087720  
8.16000000   26.00786876  3.39585011   0.35910103   5.76589897  
8.19000000   26.10938935  3.37188468   0.44019686   5.68480314  
8.22000000   26.21016485  3.34622147   0.52640095   5.59859905  
8.25000000   26.31014838  3.31913269   0.61667910   5.50832090  
8.28000000   26.40930137  3.29089925   0.70999105   5.41500895  
8.31000000   26.50759375  3.26180697   0.80530763   5.31969237  
8.34000000   26.60500407  3.23214298   0.90162588   5.22337412  
8.37000000   26.70151946  3.20219240   0.99798191   5.12701809  
8.40000000   26.79713555  3.17223537   1.09346139   5.03153861  
8.43000000   26.89185625  3.14254433   1.18720758   4.93779242  
8.46000000   26.98569350  3.11338177   1.27842699   4.84657301  
8.49000000   27.07866695  3.08499824   1.36639293   4.75860707  
8.52000000   27.17080356  3.05763077   1.45044705   4.67455295  
8.55000000   27.26213718  3.03150154   1.52999921   4.59500079  
8.58000000   27.35270810  3.00681696   1.60452589   4.52047411  
8.61000000   27.44256255  2.98376689   1.67356758   4.45143242  
8.64000000   27.53175220  2.96252416   1.73672530   4.38827470  
8.67000000   27.62033364  2.94324428   1.79365654   4.33134346  
8.70000000   27.70836787  2.92606528   1.84407099   4.28092901  
8.73000000   27.79591977  2.91110765   1.88772614   4.23727386  
8.76000000   27.88305758  2.89847440   1.92442307   4.20057693  
8.79000000   27.96985234  2.88825120   1.95400251   4.17099749  
8.82000000   28.05637744  2.88050642   1.97634138   4.14865862  
8.85000000   28.14270803  2.87529135   1.99134982   4.13365018  
8.88000000   28.22892057  2.87264025   1.99896899   4.12603101  
8.91000000   28.31509226  2.87257045   1.99916949   4.12583051  
8.94000000   28.40130062  2.87508242   1.99195055   4.13304945  
8.97000000   28.48762287  2.88015972   1.97734000   4.14766000  
9.00000000   28.57413552  2.88776900   1.95539509   4.16960491  
9.03000000   28.66091383  2.89785993   1.92620391   4.19879609  
9.06000000   28.74803127  2.91036503   1.88988770   4.23511230  
9.09000000   28.83555903  2.92519959   1.84660369   4.27839631  
9.12000000   28.92356552  2.94226152   1.79654856   4.32845144  
9.15000000   29.01211581  2.96143129   1.73996236   4.38503764  
9.18000000   29.10127111  2.98257181   1.67713270   4.44786730  
9.21000000   29.19108828  3.00552852   1.60839916   4.51660084  
9.24000000   29.28161927  3.03012951   1.53415758   4.59084242  
9.27000000   29.37291061  3.05618583   1.45486409   4.67013591  
9.30000000   29.46500293  3.08349196   1.37103867   4.75396133  
9.33000000   29.55793042  3.11182653   1.28326782   4.84173218  
9.36000000   29.65172044  3.14095330   1.19220619   4.93279381  
9.39000000   29.74639305  3.17062240   1.09857681   5.02642319  
9.42000000   29.84196060  3.20057195   1.00316961   5.12183039  
9.45000000   29.93842745  3.23052997   0.90683805   5.21816195  
9.48000000   30.03578968  3.26021670   0.81049354   5.31450646  
9.51000000   30.13403489  3.28934719   0.71509753   5.40990247  
9.54000000   30.23314208  3.31763435   0.62165117   5.50334883  
9.57000000   30.33308166  3.34479219   0.53118260   5.59381740  
9.60000000   30.43381550  3.37053945   0.44473190   5.68026810  
9.63000000   30.53529719  3.39460335   0.36333405   5.76166595  
9.66000000   30.63747226  3.41672351   0.28800023   5.83699977  
9.69000000   30.74027871  3.43665592   0.21969804   5.90530196  
9.72000000   30.84364749  3.45417688   0.15933105   5.96566895  
9.75000000   30.94750320  3.46908669   0.10771877   6.01728123  
9.78000000   31.05176485  3.48121320   0.06557733   6.05942267  
9.81000000   31.15634674  3.49041485   0.03350208   6.09149792  
9.84000000   31.26115940  3.49658332   0.01195255   6.11304745  
9.87000000   31.36611066  3.49964554   0.00124055   6.12375945  
9.90000000   31.47110669  3.49956510   0.00152204   6.12347796  
9.93000000   31.57605314  3.49634298   0.01279289   6.11220711  
9.96000000   31.68085623  3.49001745   0.03488909   6.09011091  
9.99000000   31.78542389  3.48066344   0.06749101   6.05750899  
10.02000000  31.88966684  3.46839102   0.11013188   6.01486812  
10.05000000  31.99349959  3.45334337   0.16220979   5.96279021  
10.08000000  32.09684141  3.43569414   0.22300288   5.90199712  
10.11000000  32.19961722  3.41564434   0.29168688   5.83331312  
10.14000000  32.30175831  3.39341880   0.36735444   5.75764556  
10.17000000  32.40320304  3.36926245   0.44903526   5.67596474  
10.20000000  32.50389736  3.34343642   0.53571646   5.58928354  
10.23000000  32.60379525  3.31621400   0.62636236   5.49863764  
10.26000000  32.70285905  3.28787680   0.71993308   5.40506692  
10.29000000  32.80105958  3.25871093   0.81540154   5.30959846  
10.32000000  32.89837629  3.22900347   0.91176831   5.21323169  
10.35000000  32.99479722  3.19903915   1.00807427   5.11692573  
10.38000000  33.09031886  3.16909741   1.10341080   5.02158920  
10.41000000  33.18494601  3.13944977   1.19692758   4.92807242  
10.44000000  33.27869141  3.11035753   1.28783802   4.83716198  
10.47000000  33.37157551  3.08206990   1.37542256   4.74957744  
10.50000000  33.46362601  3.05482239   1.45903007   4.66596993  
10.53000000  33.55487746  3.02883559   1.53807749   4.58692251  
10.56000000  33.64537080  3.00431417   1.61204818   4.51295182  
10.59000000  33.73515285  2.98144624   1.68048916   4.44451084  
10.62000000  33.82427583  2.96040281   1.74300759   4.38199241  
10.65000000  33.91279681  2.94133757   1.79926664   4.32573336  
10.68000000  34.00077723  2.92438669   1.84898124   4.27601876  
10.71000000  34.08828235  2.90966883   1.89191365   4.23308635  
10.74000000  34.17538071  2.89728518   1.92786931   4.19713069  
10.77000000  34.26214365  2.88731956   1.95669289   4.16830711  
10.80000000  34.34864474  2.87983856   1.97826493   4.14673507  
10.83000000  34.43495931  2.87489167   1.99249893   4.13250107  
10.86000000  34.52116391  2.87251137   1.99933922   4.12566078  
10.89000000  34.60733582  2.87271321   1.99875941   4.12624059  
10.92000000  34.69355251  2.87549588   1.99076173   4.13423827  
10.95000000  34.77989120  2.88084118   1.97537706   4.14962294  
10.98000000  34.86642827  2.88871397   1.95266580   4.17233420  
11.01000000  34.95323880  2.89906212   1.92271941   4.20228059  
11.04000000  35.04039606  2.91181635   1.88566278   4.23933722  
11.07000000  35.12797098  2.92689013   1.84165709   4.28334291  
11.10000000  35.21603163  2.94417954   1.79090341   4.33409659  
11.13000000  35.30464270  2.96356320   1.73364657   4.39135343  
11.16000000  35.39386498  2.98490219   1.67017944   4.45482056  
11.19000000  35.48375483  3.00804012   1.60084733   4.52415267  
11.22000000  35.57436365  3.03280326   1.52605221   4.59894779  
11.25000000  35.66573737  3.05900089   1.44625678   4.67874322  
11.28000000  35.75791598  3.08642580   1.36198790   4.76301210  
11.31000000  35.85093297  3.11485499   1.27383919   4.85116081  
11.34000000  35.94481495  3.14405074   1.18247248   4.94252752  
11.37000000  36.03958117  3.17376182   1.08861795   5.03638205  
11.40000000  36.13524318  3.20372521   0.99307239   5.13192761  
11.43000000  36.23180448  3.23366799   0.89669567   5.22830433  
11.46000000  36.32926025  3.26330971   0.80040485   5.32459515  
11.49000000  36.42759720  3.29236508   0.70516610   5.41983390  
11.52000000  36.52679342  3.32054693   0.61198405   5.51301595  
11.55000000  36.62681842  3.34756962   0.52188882   5.60311118  
11.58000000  36.72763320  3.37315259   0.43592080   5.68907920  
11.61000000  36.82919046  3.39702418   0.35511337   5.76988663  
11.64000000  36.93143494  3.41892554   0.28047408   5.84452592  
11.67000000  37.03430386  3.43861462   0.21296474   5.91203526  
11.70000000  37.13772747  3.45587006   0.15348106   5.97151894  
11.73000000  37.24162975  3.47049491   0.10283252   6.02216748  
11.76000000  37.34592916  3.48232010   0.06172338   6.06327662  
11.79000000  37.45053957  3.49120743   0.03073534   6.09426466  
11.82000000  37.55537117  3.49705221   0.01031292   6.11468708  
11.85000000  37.66033157  3.49978518   0.00075186   6.12424814  
11.88000000  37.76532683  3.49937383   0.00219141   6.12280859  
11.91000000  37.87026259  3.49582306   0.01461057   6.11038943  
11.94000000  37.97504522  3.48917507   0.03782868   6.08717132  
11.97000000  38.07958290  3.47950853   0.07151019   6.05348981  
12.00000000  38.18378668  3.46693712   0.11517350   6.00982650  
