time         theta        dtheta/dt    Uw0^2/mg^2   Kw0^2/mg^2  
0.00000000   0.00000000   2.30000000   0.00000000   2.64500000  
0.03000000   0.06898965   2.29896549   0.00237884   2.64262116  
0.06000000   0.13791729   2.29586780   0.00949552   2.63550448  
0.09000000   0.20672126   2.29072440   0.02129086   2.62370914  
0.12000000   0.27534059   2.28356417   0.03766734   2.60733266  
0.15000000   0.34371534   2.27442702   0.05849086   2.58650914  
0.18000000   0.41178694   2.26336346   0.08359293   2.56140707  
0.21000000   0.47949848   2.25043391   0.11277360   2.53222640  
0.24000000   0.54679501   2.23570810   0.14580465   2.49919535  
0.27000000   0.61362378   2.21926415   0.18243331   2.46256669  
0.30000000   0.67993453   2.20118781   0.22238612   2.42261388  
0.33000000   0.74567965   2.18157143   0.26537305   2.37962695  
0.36000000   0.81081440   2.16051306   0.31109165   2.33390835  
0.39000000   0.87529704   2.13811545   0.35923116   2.28576884  
0.42000000   0.93908899   2.11448503   0.40947653   2.23552347  
0.45000000   1.00215491   2.08973097   0.46151224   2.18348776  
0.48000000   1.06446273   2.06396422   0.51502586   2.12997414  
0.51000000   1.12598375   2.03729659   0.56971130   2.07528870  
0.54000000   1.18669263   2.00983994   0.62527171   2.01972829  
0.57000000   1.24656737   1.98170533   0.68142199   1.96357801  
0.60000000   1.30558927   1.95300235   0.73789091   1.90710909  
0.63000000   1.36374290   1.92383843   0.79442284   1.85057716  
0.66000000   1.42101601   1.89431830   0.85077909   1.79422091  
0.69000000   1.47739945   1.86454346   0.90673885   1.73826115  
0.72000000   1.53288705   1.83461178   0.96209981   1.68290019  
0.75000000   1.58747553   1.80461717   1.01667843   1.62832157  
0.78000000   1.64116435   1.77464928   1.07030997   1.57469003  
0.81000000   1.69395561   1.74479330   1.12284817   1.52215183  
0.84000000   1.74585388   1.71512984   1.17416481   1.47083519  
0.87000000   1.79686608   1.68573484   1.22414903   1.42085097  
0.90000000   1.84700137   1.65667951   1.27270650   1.37229350  
0.93000000   1.89627092   1.62803041   1.31975850   1.32524150  
0.96000000   1.94468787   1.59984944   1.36524088   1.27975912  
0.99000000   1.99226714   1.57219401   1.40910300   1.23589700  
1.02000000   2.03902530   1.54511709   1.45130658   1.19369342  
1.05000000   2.08498044   1.51866742   1.49182463   1.15317537  
1.08000000   2.13015207   1.49288966   1.53064023   1.11435977  
1.11000000   2.17456095   1.46782455   1.56774554   1.07725446  
1.14000000   2.21822904   1.44350917   1.60314064   1.04185936  
1.17000000   2.26117933   1.41997709   1.63683253   1.00816747  
1.20000000   2.30343580   1.39725862   1.66883418   0.97616582  
1.23000000   2.34502326   1.37538099   1.69916357   0.94583643  
1.26000000   2.38596731   1.35436859   1.72784286   0.91715714  
1.29000000   2.42629425   1.33424318   1.75489757   0.89010243  
1.32000000   2.46603097   1.31502408   1.78035583   0.86464417  
1.35000000   2.50520493   1.29672838   1.80424775   0.84075225  
1.38000000   2.54384406   1.27937113   1.82660476   0.81839524  
1.41000000   2.58197671   1.26296551   1.84745905   0.79754095  
1.44000000   2.61963162   1.24752306   1.86684311   0.77815689  
1.47000000   2.65683783   1.23305375   1.88478922   0.76021078  
1.50000000   2.69362466   1.21956624   1.90132910   0.74367090  
1.53000000   2.73002169   1.20706794   1.91649349   0.72850651  
1.56000000   2.76605869   1.19556521   1.93031191   0.71468809  
1.59000000   2.80176562   1.18506343   1.94281233   0.70218767  
1.62000000   2.83717256   1.17556715   1.95402093   0.69097907  
1.65000000   2.87230974   1.16708019   1.96396192   0.68103808  
1.68000000   2.90720749   1.15960569   1.97265732   0.67234268  
1.71000000   2.94189623   1.15314627   1.98012684   0.66487316  
1.74000000   2.97640644   1.14770401   1.98638775   0.65861225  
1.77000000   3.01076866   1.14328060   1.99145474   0.65354526  
1.80000000   3.04501348   1.13987731   1.99533986   0.64966014  
1.83000000   3.07917151   1.13749511   1.99805243   0.64694757  
1.86000000   3.11327340   1.13613464   1.99959904   0.64540096  
1.89000000   3.14734981   1.13579626   1.99998343   0.64501657  
1.92000000   3.18143140   1.13648006   1.99920654   0.64579346  
1.95000000   3.21554883   1.13818585   1.99726649   0.64773351  
1.98000000   3.24973276   1.14091318   1.99415855   0.65084145  
2.01000000   3.28401383   1.14466132   1.98987524   0.65512476  
2.04000000   3.31842264   1.14942918   1.98440627   0.66059373  
2.07000000   3.35298977   1.15521538   1.97773872   0.66726128  
2.10000000   3.38774573   1.16201808   1.96985699   0.67514301  
2.13000000   3.42272099   1.16983503   1.96074300   0.68425700  
2.16000000   3.45794595   1.17866345   1.95037624   0.69462376  
2.19000000   3.49345088   1.18849997   1.93873391   0.70626609  
2.22000000   3.52926598   1.19934055   1.92579113   0.71920887  
2.25000000   3.56542131   1.21118035   1.91152108   0.73347892  
2.28000000   3.60194674   1.22401369   1.89589524   0.74910476  
2.31000000   3.63887200   1.23783386   1.87888366   0.76611634  
2.34000000   3.67622656   1.25263305   1.86045522   0.78454478  
2.37000000   3.71403968   1.26840217   1.84057796   0.80442204  
2.40000000   3.75234029   1.28513074   1.81921949   0.82578051  
2.43000000   3.79115700   1.30280668   1.79634738   0.84865262  
2.46000000   3.83051803   1.32141620   1.77192961   0.87307039  
2.49000000   3.87045115   1.34094358   1.74593515   0.89906485  
2.52000000   3.91098364   1.36137101   1.71833449   0.92666551  
2.55000000   3.95214221   1.38267835   1.68910029   0.95589971  
2.58000000   3.99395292   1.40484299   1.65820809   0.98679191  
2.61000000   4.03644111   1.42783960   1.62563705   1.01936295  
2.64000000   4.07963133   1.45163992   1.59137077   1.05362923  
2.67000000   4.12354723   1.47621258   1.55539821   1.08960179  
2.70000000   4.16821146   1.50152283   1.51771459   1.12728541  
2.73000000   4.21364559   1.52753240   1.47832238   1.16667762  
2.76000000   4.25986998   1.55419923   1.43723238   1.20776762  
2.79000000   4.30690366   1.58147730   1.39446477   1.25053523  
2.82000000   4.35476423   1.60931647   1.35005025   1.29494975  
2.85000000   4.40346772   1.63766227   1.30403114   1.34096886  
2.88000000   4.45302845   1.66645580   1.25646253   1.38853747  
2.91000000   4.50345891   1.69563359   1.20741336   1.43758664  
2.94000000   4.55476962   1.72512752   1.15696752   1.48803248  
2.97000000   4.60696900   1.75486476   1.10522483   1.53977517  
3.00000000   4.66006317   1.78476781   1.05230194   1.59269806  
3.03000000   4.71405590   1.81475449   0.99833308   1.64666692  
3.06000000   4.76894841   1.84473807   0.94347072   1.70152928  
3.09000000   4.82473925   1.87462746   0.88788594   1.75711406  
3.12000000   4.88142416   1.90432737   0.83176864   1.81323136  
3.15000000   4.93899600   1.93373865   0.77532741   1.86967259  
3.18000000   4.99744457   1.96275867   0.71878920   1.92621080  
3.21000000   5.05675655   1.99128172   0.66239855   1.98260145  
3.24000000   5.11691542   2.01919958   0.60641653   2.03858347  
3.27000000   5.17790138   2.04640208   0.55111927   2.09388073  
3.30000000   5.23969128   2.07277780   0.49679609   2.14820391  
3.33000000   5.30225866   2.09821483   0.44374727   2.20125273  
3.36000000   5.36557367   2.12260152   0.39228139   2.25271861  
3.39000000   5.42960314   2.14582744   0.34271230   2.30228770  
3.42000000   5.49431062   2.16778423   0.29535576   2.34964424  
3.45000000   5.55965645   2.18836660   0.25052582   2.39447418  
3.48000000   5.62559786   2.20747326   0.20853089   2.43646911  
3.51000000   5.69208912   2.22500800   0.16966969   2.47533031  
3.54000000   5.75908171   2.24088058   0.13422712   2.51077288  
3.57000000   5.82652450   2.25500773   0.10247007   2.54252993  
3.60000000   5.89436397   2.26731406   0.07464347   2.57035653  
3.63000000   5.96254447   2.27773292   0.05096636   2.59403364  
3.66000000   6.03100849   2.28620715   0.03162843   2.61337157  
3.69000000   6.09969698   2.29268977   0.01678681   2.62821319  
3.72000000   6.16854960   2.29714454   0.00656348   2.63843652  
3.75000000   6.23750512   2.29954641   0.00104316   2.64395684  
3.78000000   6.30650171   2.29988182   0.00027182   2.64472818  
3.81000000   6.37547734   2.29814887   0.00425589   2.64074411  
3.84000000   6.44437006   2.29435736   0.01296216   2.63203784  
3.87000000   6.51311840   2.28852863   0.02631835   2.61868165  
3.90000000   6.58166172   2.28069535   0.04421437   2.60078563  
3.93000000   6.64994051   2.27090106   0.06650420   2.57849580  
3.96000000   6.71789671   2.25919969   0.09300838   2.55199162  
3.99000000   6.78547405   2.24565491   0.12351702   2.52148298  
4.02000000   6.85261830   2.23033935   0.15779318   2.48720682  
4.05000000   6.91927751   2.21333384   0.19557666   2.44942334  
4.08000000   6.98540231   2.19472644   0.23658792   2.40841208  
4.11000000   7.05094602   2.17461156   0.28053229   2.36446771  
4.14000000   7.11586492   2.15308893   0.32710403   2.31789597  
4.17000000   7.18011832   2.13026266   0.37599051   2.26900949  
4.20000000   7.24366872   2.10624021   0.42687609   2.21812391  
4.23000000   7.30648187   2.08113146   0.47944592   2.16555408  
4.26000000   7.36852686   2.05504776   0.53338936   2.11161064  
4.29000000   7.42977611   2.02810101   0.58840314   2.05659686  
4.32000000   7.49020540   2.00040290   0.64419412   2.00080588  
4.35000000   7.54979387   1.97206406   0.70048167   1.94451833  
4.38000000   7.60852393   1.94319342   0.75699966   1.88800034  
4.41000000   7.66638123   1.91389756   0.81349806   1.83150194  
4.44000000   7.72335457   1.88428018   0.86974411   1.77525589  
4.47000000   7.77943583   1.85444158   0.92552322   1.71947678  
4.50000000   7.83461982   1.82447834   0.98063939   1.66436061  
4.53000000   7.88890421   1.79448295   1.03491547   1.61008453  
4.56000000   7.94228936   1.76454357   1.08819299   1.55680701  
4.59000000   7.99477822   1.73474386   1.14033186   1.50466814  
4.62000000   8.04637618   1.70516286   1.19120980   1.45379020  
4.65000000   8.09709092   1.67587491   1.24072164   1.40427836  
4.68000000   8.14693230   1.64694964   1.28877843   1.35622157  
4.71000000   8.19591218   1.61845204   1.33530650   1.30969350  
4.74000000   8.24404431   1.59044247   1.38024638   1.26475362  
4.77000000   8.29134417   1.56297682   1.42355173   1.22144827  
4.80000000   8.33782887   1.53610662   1.46518823   1.17981177  
4.83000000   8.38351699   1.50987921   1.50513239   1.13986761  
4.86000000   8.42842848   1.48433789   1.54337051   1.10162949  
4.89000000   8.47258453   1.45952217   1.57989752   1.06510248  
4.92000000   8.51600743   1.43546790   1.61471596   1.03028404  
4.95000000   8.55872054   1.41220752   1.64783495   0.99716505  
4.98000000   8.60074811   1.38977029   1.67926927   0.96573073  
5.01000000   8.64211525   1.36818245   1.70903839   0.93596161  
5.04000000   8.68284779   1.34746748   1.73716569   0.90783431  
5.07000000   8.72297224   1.32764629   1.76367766   0.88132234  
5.10000000   8.76251569   1.30873742   1.78860318   0.85639682  
5.13000000   8.80150577   1.29075726   1.81197285   0.83302715  
5.16000000   8.83997056   1.27372020   1.83381842   0.81118158  
5.19000000   8.87793854   1.25763885   1.85417226   0.79082774  
5.22000000   8.91543856   1.24252420   1.87306681   0.77193319  
5.25000000   8.95249976   1.22838576   1.89053421   0.75446579  
5.28000000   8.98915155   1.21523176   1.90660589   0.73839411  
5.31000000   9.02542358   1.20306923   1.92131222   0.72368778  
5.34000000   9.06134568   1.19190418   1.93468221   0.71031779  
5.37000000   9.09694785   1.18174172   1.94674325   0.69825675  
5.40000000   9.13226025   1.17258612   1.95752089   0.68747911  
5.43000000   9.16731313   1.16444097   1.96703861   0.67796139  
5.46000000   9.20213684   1.15730923   1.97531768   0.66968232  
5.49000000   9.23676184   1.15119332   1.98237698   0.66262302  
5.52000000   9.27121862   1.14609518   1.98823291   0.65676709  
5.55000000   9.30553774   1.14201637   1.99289930   0.65210070  
5.58000000   9.33974981   1.13895805   1.99638728   0.64861272  
5.61000000   9.37388544   1.13692106   1.99870526   0.64629474  
5.64000000   9.40797529   1.13590595   1.99985884   0.64514116  
5.67000000   9.44205002   1.13591299   1.99985084   0.64514916  
5.70000000   9.47614029   1.13694217   1.99868125   0.64631875  
5.73000000   9.51027677   1.13899324   1.99634720   0.64865280  
5.76000000   9.54449010   1.14206562   1.99284306   0.65215694  
5.79000000   9.57881091   1.14615849   1.98816036   0.65683964  
5.82000000   9.61326980   1.15127065   1.98228795   0.66271205  
5.85000000   9.64789733   1.15740057   1.97521196   0.66978804  
5.88000000   9.68272399   1.16454629   1.96691597   0.67808403  
5.91000000   9.71778024   1.17270538   1.95738105   0.68761895  
5.94000000   9.75309642   1.18187487   1.94658590   0.69841410  
5.97000000   9.78870280   1.19205117   1.93450700   0.71049300  
6.00000000   9.82462951   1.20322999   1.92111879   0.72388121  
6.03000000   9.86090657   1.21540622   1.90639386   0.73860614  
6.06000000   9.89756380   1.22857384   1.89030316   0.75469684  
6.09000000   9.93463084   1.24272578   1.87281632   0.77218368  
6.12000000   9.97213711   1.25785382   1.85390189   0.79109811  
6.15000000   10.01011174  1.27394841   1.83352773   0.81147227  
6.18000000   10.04858357  1.29099855   1.81166138   0.83333862  
6.21000000   10.08758108  1.30899161   1.78827049   0.85672951  
6.24000000   10.12713235  1.32791315   1.76332333   0.88167667  
6.27000000   10.16726499  1.34774679   1.73678930   0.90821070  
6.30000000   10.20800610  1.36847393   1.70863956   0.93636044  
6.33000000   10.24938216  1.39007363   1.67884765   0.96615235  
6.36000000   10.29141900  1.41252239   1.64739025   0.99760975  
6.39000000   10.33414173  1.43579390   1.61424793   1.03075207  
6.42000000   10.37757457  1.45985889   1.57940601   1.06559399  
6.45000000   10.42174087  1.48468486   1.54285543   1.10214457  
6.48000000   10.46666292  1.51023590   1.50459376   1.14040624  
6.51000000   10.51236188  1.53647247   1.46462618   1.18037382  
6.54000000   10.55885769  1.56335120   1.42296651   1.22203349  
6.57000000   10.60616890  1.59082470   1.37963838   1.26536162  
6.60000000   10.65431260  1.61884139   1.33467628   1.31032372  
6.63000000   10.70330426  1.64734530   1.28812673   1.35687327  
6.66000000   10.75315759  1.67627602   1.24004936   1.40495064  
6.69000000   10.80388444  1.70556849   1.19051806   1.45448194  
6.72000000   10.85549462  1.73515302   1.13962200   1.50537800  
6.75000000   10.90799580  1.76495520   1.08746658   1.55753342  
6.78000000   10.96139332  1.79489592   1.03417431   1.61082569  
6.81000000   11.01569011  1.82489148   0.97988554   1.66511446  
6.84000000   11.07088648  1.85485364   0.92475898   1.72024102  
6.87000000   11.12698007  1.88468986   0.86897207   1.77602793  
6.90000000   11.18396565  1.91430351   0.81272104   1.83227896  
6.93000000   11.24183505  1.94359422   0.75622076   1.88877924  
6.96000000   11.30057703  1.97245826   0.69970421   1.94529579  
6.99000000   11.36017721  2.00078902   0.64342165   2.00157835  
7.02000000   11.42061795  2.02847754   0.58763944   2.05736056  
7.05000000   11.48187834  2.05541316   0.53263838   2.11236162  
7.08000000   11.54393410  2.08148419   0.47871178   2.16628822  
7.11000000   11.60675762  2.10657873   0.42616302   2.21883698  
7.14000000   11.67031794  2.13058544   0.37530283   2.26969717  
7.17000000   11.73458077  2.15339448   0.32644610   2.31855390  
7.20000000   11.79950856  2.17489842   0.27990843   2.36509157  
7.23000000   11.86506058  2.19499321   0.23600241   2.40899759  
7.26000000   11.93119306  2.21357917   0.19503364   2.44996636  
7.29000000   11.99785930  2.23056198   0.15729662   2.48770338  
7.32000000   12.06500987  2.24585368   0.12307063   2.52192937  
7.35000000   12.13259280  2.25937354   0.09261559   2.55238441  
7.38000000   12.20055383  2.27104905   0.06616810   2.57883190  
7.41000000   12.26883666  2.28081667   0.04393765   2.60106235  
7.44000000   12.33738321  2.28862262   0.02610325   2.61889675  
7.47000000   12.40613396  2.29442348   0.01281045   2.63218955  
7.50000000   12.47502824  2.29818676   0.00416881   2.64083119  
7.53000000   12.54400458  2.29989125   0.00025011   2.64474989  
7.56000000   12.61300103  2.29952734   0.00108700   2.64391300  
7.59000000   12.68195555  2.29709708   0.00667250   2.63832750  
7.62000000   12.75080632  2.29261418   0.01696011   2.62803989  
7.65000000   12.81949212  2.28610386   0.03186457   2.61313543  
7.68000000   12.88795264  2.27760250   0.05126342   2.59373658  
7.71000000   12.95612883  2.26715723   0.07499904   2.57000096  
7.74000000   13.02396321  2.25482534   0.10288134   2.54211866  
7.77000000   13.09140015  2.24067362   0.13469086   2.51030914  
7.80000000   13.15838618  2.22477757   0.17018239   2.47481761  
7.83000000   13.22487019  2.20722055   0.20908872   2.43591128  
7.86000000   13.29080370  2.18809289   0.25112476   2.39387524  
7.89000000   13.35614102  2.16749090   0.29599161   2.34900839  
7.92000000   13.42083942  2.14551590   0.34338076   2.30161924  
7.95000000   13.48485930  2.12227325   0.39297813   2.25202187  
7.98000000   13.54816423  2.09787133   0.44446794   2.20053206  
8.01000000   13.61072109  2.07242062   0.49753639   2.14746361  
8.04000000   13.67250009  2.04603275   0.55187500   2.09312500  
8.07000000   13.73347480  2.01881964   0.60718363   2.03781637  
8.10000000   13.79362213  1.99089270   0.66317312   1.98182688  
8.13000000   13.85292233  1.96236208   0.71956754   1.92543246  
8.16000000   13.91135890  1.93333596   0.77610604   1.86889396  
8.19000000   13.96891859  1.90392001   0.83254430   1.81245570  
8.22000000   14.02559123  1.87421682   0.88865565   1.75634435  
8.25000000   14.08136972  1.84432550   0.94423172   1.70076828  
8.28000000   14.13624983  1.81434126   0.99908289   1.64591711  
8.31000000   14.19023017  1.78435516   1.05303833   1.59196167  
8.34000000   14.24331199  1.75445385   1.10594584   1.53905416  
8.37000000   14.29549908  1.72471944   1.15767142   1.48732858  
8.40000000   14.34679760  1.69522939   1.20809866   1.43690134  
8.43000000   14.39721601  1.66605644   1.25712797   1.38787203  
8.46000000   14.44676484  1.63726865   1.30467568   1.34032432  
8.49000000   14.49545662  1.60892944   1.35067303   1.29432697  
8.52000000   14.54330569  1.58109764   1.39506513   1.24993487  
8.55000000   14.59032810  1.55382766   1.43780981   1.20719019  
8.58000000   14.63654147  1.52716958   1.47887654   1.16612346  
8.61000000   14.68196485  1.50116937   1.51824527   1.12675473  
8.64000000   14.72661863  1.47586902   1.55590532   1.08909468  
8.67000000   14.77052437  1.45130677   1.59185433   1.05314567  
8.70000000   14.81370476  1.42751731   1.62609716   1.01890284  
8.73000000   14.85618345  1.40453198   1.65864496   0.98635504  
8.76000000   14.89798501  1.38237898   1.68951418   0.95548582  
8.79000000   14.93913477  1.36108361   1.71872570   0.92627430  
8.82000000   14.97965882  1.34066846   1.74630405   0.89869595  
8.85000000   15.01958388  1.32115360   1.77227658   0.87272342  
8.88000000   15.05893722  1.30255684   1.79667284   0.84832716  
8.91000000   15.09774663  1.28489385   1.81952389   0.82547611  
8.94000000   15.13604033  1.26817843   1.84086174   0.80413826  
8.97000000   15.17384693  1.25242260   1.86071882   0.78428118  
9.00000000   15.21119539  1.23763683   1.87912754   0.76587246  
9.03000000   15.24811493  1.22383020   1.89611982   0.74888018  
9.06000000   15.28463507  1.21101051   1.91172678   0.73327322  
9.09000000   15.32078550  1.19918443   1.92597836   0.71902164  
9.12000000   15.35659613  1.18835765   1.93890305   0.70609695  
9.15000000   15.39209700  1.17853499   1.95052764   0.69447236  
9.18000000   15.42731831  1.16972048   1.96087700   0.68412300  
9.21000000   15.46229035  1.16191748   1.96997388   0.67502612  
9.24000000   15.49704350  1.15512877   1.97783877   0.66716123  
9.27000000   15.53160824  1.14935659   1.98448971   0.66051029  
9.30000000   15.56601508  1.14460276   1.98994226   0.65505774  
9.33000000   15.60029460  1.14086868   1.99420933   0.65079067  
9.36000000   15.63447741  1.13815541   1.99730113   0.64769887  
9.39000000   15.66859414  1.13646369   1.99922514   0.64577486  
9.42000000   15.70267545  1.13579398   1.99998602   0.64501398  
9.45000000   15.73675200  1.13614644   1.99958563   0.64541437  
9.48000000   15.77085446  1.13752099   1.99802300   0.64697700  
9.51000000   15.80501348  1.13991726   1.99529432   0.64970568  
9.54000000   15.83925970  1.14333460   1.99139300   0.65360700  
9.57000000   15.87362375  1.14777206   1.98630965   0.65869035  
9.60000000   15.90813622  1.15322833   1.98003220   0.66496780  
9.63000000   15.94282763  1.15970176   1.97254592   0.67245408  
9.66000000   15.97772847  1.16719022   1.96383350   0.68116650  
9.69000000   16.01286916  1.17569111   1.95387521   0.69112479  
9.72000000   16.04828003  1.18520126   1.94264898   0.70235102  
9.75000000   16.08399129  1.19571686   1.93013059   0.71486941  
9.78000000   16.12003305  1.20723335   1.91629382   0.72870618  
9.81000000   16.15643525  1.21974531   1.90111069   0.74388931  
9.84000000   16.19322766  1.23324640   1.88455166   0.76044834  
9.87000000   16.23043985  1.24772917   1.86658595   0.77841405  
9.90000000   16.26810114  1.26318497   1.84718187   0.79781813  
9.93000000   16.30624058  1.27960377   1.82630709   0.81869291  
9.96000000   16.34488689  1.29697405   1.80392916   0.84107084  
9.99000000   16.38406841  1.31528257   1.78001588   0.86498412  
10.02000000  16.42381307  1.33451428   1.75453582   0.89046418  
10.05000000  16.46414832  1.35465204   1.72745893   0.91754107  
10.08000000  16.50510106  1.37567651   1.69875707   0.94624293  
10.11000000  16.54669757  1.39756589   1.66840479   0.97659521  
10.14000000  16.58896342  1.42029577   1.63637997   1.00862003  
10.17000000  16.63192344  1.44383885   1.60266469   1.04233531  
10.20000000  16.67560158  1.46816479   1.56724607   1.07775393  
10.23000000  16.72002083  1.49323997   1.53011719   1.11488281  
10.26000000  16.76520310  1.51902728   1.49127806   1.15372194  
10.29000000  16.81116918  1.54548590   1.45073667   1.19426333  
10.32000000  16.85793852  1.57257113   1.40851003   1.23648997  
10.35000000  16.90552922  1.60023417   1.36462530   1.28037470  
10.38000000  16.95395782  1.62842198   1.31912093   1.32587907  
10.41000000  17.00323922  1.65707711   1.27204772   1.37295228  
10.44000000  17.05338651  1.68613758   1.22347003   1.42152997  
10.47000000  17.10441086  1.71553678   1.17346678   1.47153322  
10.50000000  17.15632139  1.74520341   1.12213252   1.52286748  
10.53000000  17.20912498  1.77506149   1.06957835   1.57542165  
10.56000000  17.26282619  1.80503034   1.01593273   1.62906727  
10.59000000  17.31742706  1.83502470   0.96134217   1.68365783  
10.62000000  17.37292703  1.86495486   0.90597168   1.73902832  
10.65000000  17.42932277  1.89472687   0.85000504   1.79499496  
10.68000000  17.48660808  1.92424280   0.79364483   1.85135517  
10.71000000  17.54477376  1.95340108   0.73711210   1.90788790  
10.74000000  17.60380752  1.98209697   0.68064580   1.96435420  
10.77000000  17.66369388  2.01022299   0.62450177   2.02049823  
10.80000000  17.72441411  2.03766953   0.56895144   2.07604856  
10.83000000  17.78594615  2.06432551   0.51428010   2.13071990  
10.86000000  17.84826461  2.09007907   0.46078474   2.18421526  
10.89000000  17.91134075  2.11481840   0.40877156   2.23622844  
10.92000000  17.97514247  2.13843258   0.35855305   2.28644695  
10.95000000  18.03963436  2.16081246   0.31044476   2.33455524  
10.98000000  18.10477781  2.18185165   0.26476168   2.38023832  
11.01000000  18.17053103  2.20144747   0.22181451   2.42318549  
11.04000000  18.23684924  2.21950195   0.18190555   2.46309445  
11.07000000  18.30368480  2.23592279   0.14532464   2.49967536  
11.10000000  18.37098741  2.25062438   0.11234495   2.53265505  
11.13000000  18.43870429  2.26352867   0.08321898   2.56178102  
11.16000000  18.50678046  2.27456609   0.05817455   2.58682545  
11.19000000  18.57515898  2.28367633   0.03741122   2.60758878  
11.22000000  18.64378126  2.29080903   0.02109700   2.62390300  
11.25000000  18.71258735  2.29592442   0.00936554   2.63563446  
11.28000000  18.78151626  2.29899378   0.00231380   2.64268620  
11.31000000  18.85050634  2.29999980   0.00000045   2.64499955  
11.34000000  18.91949556  2.29893681   0.00244478   2.64255522  
11.37000000  18.98842191  2.29581079   0.00962640   2.63537360  
11.40000000  19.05722375  2.29063940   0.02148558   2.62351442  
11.43000000  19.12584011  2.28345164   0.03792431   2.60707569  
11.46000000  19.19421108  2.27428759   0.05880798   2.58619202  
11.49000000  19.26227810  2.26319789   0.08396766   2.56103234  
11.52000000  19.32998430  2.25024311   0.11320297   2.53179703  
11.55000000  19.39727473  2.23549308   0.14628535   2.49871465  
11.58000000  19.46409671  2.21902605   0.18296169   2.46203831  
11.61000000  19.53039998  2.20092785   0.22295830   2.42204170  
11.64000000  19.59613699  2.18129093   0.26598494   2.37901506  
11.67000000  19.66126303  2.16021341   0.31173901   2.33326099  
11.70000000  19.72573642  2.13779809   0.35990967   2.28509033  
11.73000000  19.78951860  2.11415144   0.41018184   2.23481816  
11.76000000  19.85257428  2.08938268   0.46224001   2.18275999  
11.79000000  19.91487145  2.06360276   0.51577183   2.12922817  
11.82000000  19.97638145  2.03692350   0.57047132   2.07452868  
11.85000000  20.03707899  2.00945676   0.62604176   2.01895824  
11.88000000  20.09694209  1.98131359   0.68219824   1.96280176  
11.91000000  20.15595213  1.95260353   0.73866972   1.90633028  
11.94000000  20.21409371  1.92343400   0.79520082   1.84979918  
11.97000000  20.27135463  1.89390968   0.85155307   1.79344693  
12.00000000  20.32772576  1.86413202   0.90750591   1.73749409  
