time         theta        dtheta/dt    Uw0^2/mg^2   Kw0^2/mg^2  
0.00000000   2.90000000   -0.00000000  1.98542598   -0.01446782 
0.12500000   2.89812850   -0.02998183  1.98519959   -0.01424143 
0.25000000   2.89248559   -0.06041878  1.98450646   -0.01354830 
0.37500000   2.88298566   -0.09177156  1.98330389   -0.01234572 
0.50000000   2.86948490   -0.12451195  1.98151788   -0.01055971 
0.62500000   2.85177955   -0.15912802  1.97903881   -0.00808064 
0.75000000   2.82960357   -0.19612887  1.97571501   -0.00475684 
0.87500000   2.80262575   -0.23604863  1.97134405   -0.00038589 
1.00000000   2.77044641   -0.27944921  1.96566133   0.00529683  
1.12500000   2.73259385   -0.32692115  1.95832553   0.01263263  
1.25000000   2.68852080   -0.37908168  1.94890056   0.02205760  
1.37500000   2.63760151   -0.43656854  1.93683356   0.03412460  
1.50000000   2.57912980   -0.50002771  1.92142880   0.04952937  
1.62500000   2.51231928   -0.57009259  1.90181775   0.06914041  
1.75000000   2.43630678   -0.64735137  1.87692635   0.09403181  
1.87500000   2.35016087   -0.73229864  1.84544169   0.12551647  
2.00000000   2.25289757   -0.82526682  1.80578266   0.16517551  
2.12500000   2.14350622   -0.92633325  1.75608173   0.21487643  
2.25000000   2.02098852   -1.03520006  1.69418924   0.27676893  
2.37500000   1.88441437   -1.15104818  1.61771580   0.35324236  
2.50000000   1.73299706   -1.27237394  1.52413283   0.44682533  
2.62500000   1.56618915   -1.39682879  1.41095204   0.56000612  
2.75000000   1.38379617   -1.52109852  1.27599985   0.69495831  
2.87500000   1.18610049   -1.64087500  1.11778601   0.85317215  
3.00000000   0.97397950   -1.75098292  0.93593544   1.03502273  
3.12500000   0.74899544   -1.84571472  0.73161022   1.23934795  
3.25000000   0.51342933   -1.91938710  0.50780851   1.46314966  
3.37500000   0.27023399   -1.96706208  0.26941248   1.70154568  
3.50000000   0.02289354   -1.98529399  0.02289304   1.94806512  
3.62500000   -0.22480230  -1.97271202  -0.22432924  2.19528741  
3.75000000   -0.46903705  -1.93026534  -0.46474944  2.43570760  
3.87500000   -0.70625110  -1.86105259  -0.69166437  2.66262254  
4.00000000   -0.93338024  -1.76979042  -0.89986566  2.87082382  
4.12500000   -1.14801327  -1.66208196  -1.08600179  3.05695996  
4.25000000   -1.34845576  -1.54367830  -1.24858866  3.21954682  
4.37500000   -1.53370945  -1.41988489  -1.38774754  3.35870571  
4.50000000   -1.70339060  -1.29518499  -1.50479639  3.47575456  
4.62500000   -1.85761510  -1.17307781  -1.60181297  3.57277113  
4.75000000   -1.99687428  -1.05608292  -1.68125108  3.65220925  
4.87500000   -2.12191851  -0.94584838  -1.74564807  3.71660623  
5.00000000   -2.23365769  -0.84330703  -1.79742860  3.76838677  
5.12500000   -2.33308229  -0.74884120  -1.83879123  3.80974940  
5.25000000   -2.42120410  -0.66243294  -1.87165673  3.84261490  
5.37500000   -2.49901429  -0.58378910  -1.89765819  3.86861636  
5.50000000   -2.56745543  -0.51243920  -1.91815599  3.88911415  
5.62500000   -2.62740411  -0.44780813  -1.93426581  3.90522397  
5.75000000   -2.67966127  -0.38926796  -1.94689157  3.91784974  
5.87500000   -2.72494798  -0.33617316  -1.95675853  3.92771669  
6.00000000   -2.76390474  -0.28788335  -1.96444382  3.93540198  
6.12500000   -2.79709309  -0.24377689  -1.97040330  3.94136146  
6.25000000   -2.82499841  -0.20325805  -1.97499430  3.94595247  
6.37500000   -2.84803341  -0.16575965  -1.97849439  3.94945256  
6.50000000   -2.86654167  -0.13074259  -1.98111653  3.95207470  
6.62500000   -2.88080102  -0.09769342  -1.98302101  3.95397918  
6.75000000   -2.89102652  -0.06612054  -1.98432467  3.95528284  
6.87500000   -2.89737289  -0.03554954  -1.98510769  3.95606586  
7.00000000   -2.89993637  -0.00551807  -1.98541831  3.95637648  
7.12500000   -2.89875589  0.02442960   -1.98527568  3.95623384  
7.25000000   -2.89381353  0.05474817   -1.98467100  3.95562916  
7.37500000   -2.88503428  0.08589689   -1.98356700  3.95452517  
7.50000000   -2.87228518  0.11834510   -1.98189575  3.95285392  
7.62500000   -2.85537369  0.15257750   -1.97955461  3.95051277  
7.75000000   -2.83404546  0.18909897   -1.97640024  3.94735841  
7.87500000   -2.80798155  0.22843878   -1.97224036  3.94319853  
8.00000000   -2.77679518  0.27115358   -1.96682284  3.93778100  
8.12500000   -2.74002819  0.31782867   -1.95982174  3.93077991  
8.25000000   -2.69714751  0.36907668   -1.95082002  3.92177818  
8.37500000   -2.64754205  0.42553228   -1.93928817  3.91024634  
8.50000000   -2.59052054  0.48784119   -1.92455899  3.89551716  
8.62500000   -2.52531124  0.55664120   -1.90579823  3.87675640  
8.75000000   -2.45106468  0.63253195   -1.88197228  3.85293045  
8.87500000   -2.36686109  0.71602979   -1.85181470  3.82277286  
9.00000000   -2.27172459  0.80750329   -1.81379568  3.78475385  
9.12500000   -2.16464694  0.90708505   -1.76610109  3.73705925  
9.25000000   -2.04462391  1.01455671   -1.70663148  3.67758965  
9.37500000   -1.91070773  1.12920733   -1.63303617  3.60399434  
9.50000000   -1.76207868  1.24967208   -1.54280136  3.51375952  
9.62500000   -1.59813704  1.37376917   -1.43341362  3.40437179  
9.75000000   -1.41861406  1.49836825   -1.30261618  3.27357435  
9.87500000   -1.22369480  1.61934048   -1.14876140  3.11971957  
10.00000000  -1.01413891  1.73165203   -0.97123508  2.94219324  
10.12500000  -0.79137770  1.82965798   -0.77088781  2.74184597  
10.25000000  -0.55756042  1.90761979   -0.55036632  2.52132448  
10.37500000  -0.31552373  1.96040412   -0.31421652  2.28517468  
10.50000000  -0.06866845  1.98423860   -0.06865496  2.03961313  
10.62500000  0.17925208   1.97733937   0.17901219   1.79194597  
10.75000000  0.42440441   1.94022798   0.42122644   1.54973173  
10.87500000  0.66316166   1.87563748   0.65107631   1.31988186  
11.00000000  0.89235363   1.78803776   0.86303958   1.10791859  
11.12500000  1.10944108   1.68292617   1.05341153   0.91754664  
11.25000000  1.31259663   1.56607695   1.22037671   0.75058145  
11.37500000  1.50069830   1.44291289   1.36378838   0.60716979  
11.50000000  1.67325699   1.31808701   1.48477707   0.48618109  
11.62500000  1.83030573   1.19528386   1.58531159   0.38564658  
11.75000000  1.97227575   1.07719785   1.66780128   0.30315688  
11.87500000  2.09987769   0.96562689   1.73478559   0.23617258  
12.00000000  2.21399858   0.86162321   1.78872071   0.18223745  
12.12500000  2.31561905   0.76565878   1.83185233   0.13910583  
12.25000000  2.40575056   0.67777928   1.86615422   0.10480394  
12.37500000  2.48539056   0.59773418   1.89331196   0.07764620  
12.50000000  2.55549219   0.52507953   1.91473440   0.05622377  
12.62500000  2.61694512   0.45925508   1.93157995   0.03937822  
12.75000000  2.67056470   0.39963957   1.94478907   0.02616909  
12.87500000  2.71708687   0.34558868   1.95511759   0.01584057  
13.00000000  2.75716693   0.29645981   1.96316783   0.00779034  
13.12500000  2.79138080   0.25162718   1.96941618   0.00154198  
13.25000000  2.82022766   0.21048996   1.97423664   -0.00327847 
13.37500000  2.84413337   0.17247566   1.97792024   -0.00696207 
13.50000000  2.86345399   0.13704015   1.98069087   -0.00973271 
13.62500000  2.87847924   0.10366549   1.98271778   -0.01175962 
13.75000000  2.88943557   0.07185637   1.98412525   -0.01316708 
13.87500000  2.89648867   0.04113559   1.98499980   -0.01404163 
14.00000000  2.89974546   0.01103898   1.98539529   -0.01443713 
14.12500000  2.89925539   -0.01888998  1.98533612   -0.01437795 
14.25000000  2.89501102   -0.04910578  1.98481862   -0.01386045 
14.37500000  2.88694793   -0.08006641  1.98381090   -0.01285274 
14.50000000  2.87494394   -0.11223893  1.98225093   -0.01129277 
14.62500000  2.85881766   -0.14610483  1.98004286   -0.00908469 
14.75000000  2.83832634   -0.18216493  1.97705141   -0.00609324 
14.87500000  2.81316319   -0.22094374  1.97309407   -0.00213590 
15.00000000  2.78295419   -0.26299268  1.96793069   0.00302748  
15.12500000  2.74725464   -0.30889178  1.96125016   0.00970800  
15.25000000  2.70554553   -0.35924891  1.95265372   0.01830444  
15.37500000  2.65723038   -0.41469527  1.94163441   0.02932376  
15.50000000  2.60163279   -0.47587572  1.92755250   0.04340567  
15.62500000  2.53799577   -0.54343139  1.90960694   0.06135123  
15.75000000  2.46548381   -0.61797186  1.88680341   0.08415475  
15.87500000  2.38318926   -0.70003306  1.85792089   0.11303727  
16.00000000  2.29014515   -0.79001670  1.82148015   0.14947801  
16.12500000  2.18534687   -0.88810676  1.77572034   0.19523783  
16.25000000  2.06778604   -0.99415952  1.71859337   0.25236479  
16.37500000  1.93649969   -1.10756664  1.64779018   0.32316799  
16.50000000  1.79063816   -1.22709649  1.56081727   0.41014090  
16.62500000  1.62955331   -1.35072942  1.45514479   0.51581338  
16.75000000  1.45290629   -1.47551708  1.32844484   0.64251333  
16.87500000  1.26078903   -1.59751291  1.17892699   0.79203118  
17.00000000  1.05384683   -1.71183452  1.00575291   0.96520525  
17.12500000  0.83338170   -1.81291732  0.80947336   1.16148481  
17.25000000  0.60141016   -1.89499168  0.59238744   1.37857073  
17.37500000  0.36064845   -1.95275516  0.35869710   1.61226106  
17.50000000  0.11440688   -1.98213059  0.11434449   1.85661367  
17.62500000  -0.13360705  -1.98093211  -0.13350770  2.10446586  
17.75000000  -0.37955281  -1.94925041  -0.37727864  2.34823680  
17.87500000  -0.61974486  -1.88943634  -0.60987429  2.58083245  
18.00000000  -0.85091301  -1.80568829  -0.82547327  2.79643143  
18.12500000  -1.07039270  -1.70337188  -1.02001989  2.99097805  
18.25000000  -1.27622334  -1.58826284  -1.19135951  3.16231768  
18.37500000  -1.46715665  -1.46588704  -1.33906367  3.31002184  
18.50000000  -1.64259434  -1.34106064  -1.46406034  3.43501851  
18.62500000  -1.80248233  -1.21765296  -1.56819565  3.53915382  
18.75000000  -1.94718767  -1.09853660  -1.65382395  3.62478212  
18.87500000  -2.07737774  -0.98566456  -1.72347953  3.69443770  
19.00000000  -2.19391389  -0.88021419  -1.77964584  3.75060400  
19.12500000  -2.29776477  -0.78275236  -1.82461368  3.79557184  
19.25000000  -2.38994002  -0.69339281  -1.86040929  3.83136746  
19.37500000  -2.47144234  -0.61193113  -1.88877120  3.85972936  
19.50000000  -2.54323477  -0.53795252  -1.91115761  3.88211578  
19.62500000  -2.60621971  -0.47091345  -1.92877081  3.89972898  
19.75000000  -2.66122676  -0.41020059  -1.94258894  3.91354711  
19.87500000  -2.70900669  -0.35517169  -1.95339945  3.92435761  
20.00000000  -2.75022965  -0.30518245  -1.96183078  3.93278894  
20.12500000  -2.78548602  -0.25960318  -1.96838068  3.93933885  
20.25000000  -2.81528891  -0.21782810  -1.97344046  3.94439863  
20.37500000  -2.84007744  -0.17927939  -1.97731516  3.94827332  
20.50000000  -2.86022027  -0.14340780  -1.98024002  3.95119818  
20.62500000  -2.87601913  -0.10969079  -1.98239357  3.95335173  
20.75000000  -2.88771192  -0.07762921  -1.98390777  3.95486593  
20.87500000  -2.89547538  -0.04674287  -1.98487567  3.95583384  
21.00000000  -2.89942717  -0.01656560  -1.98535687  3.95631504  
21.12500000  -2.89962726  0.01336012   -1.98538103  3.95633920  
21.25000000  -2.89607869  0.04348872   -1.98494964  3.95590780  
21.37500000  -2.88872759  0.07427714   -1.98403610  3.95499426  
21.50000000  -2.87746255  0.10619034   -1.98258416  3.95354232  
21.62500000  -2.86211323  0.13970678   -1.98050457  3.95146273  
21.75000000  -2.84244838  0.17532336   -1.97766985  3.94862802  
21.87500000  -2.81817326  0.21355992   -1.97390691  3.94486508  
22.00000000  -2.78892652  0.25496275   -1.96898713  3.93994530  
22.12500000  -2.75427674  0.30010658   -1.96261366  3.93357182  
22.25000000  -2.71371891  0.34959433   -1.95440532  3.92536348  
22.37500000  -2.66667104  0.40405345   -1.94387683  3.91483500  
22.50000000  -2.61247160  0.46412734   -1.93041502  3.90137318  
22.62500000  -2.55037841  0.53045953   -1.91325090  3.88420907  
22.75000000  -2.47957011  0.60366812   -1.89142833  3.86238649  
22.87500000  -2.39915164  0.68430659   -1.86377059  3.83472876  
23.00000000  -2.30816561  0.77280694   -1.82884821  3.79980637  
23.12500000  -2.20561225  0.86940077   -1.78495340  3.75591156  
23.25000000  -2.09048066  0.97401437   -1.73009027  3.70104844  
23.37500000  -1.96179498  1.08613652   -1.66199392  3.63295208  
23.50000000  -1.81867862  1.20466313   -1.57819614  3.54915431  
23.62500000  -1.66043868  1.32773177   -1.47615876  3.44711693  
23.75000000  -1.48667040  1.45257351   -1.35349420  3.32445236  
23.87500000  -1.29737682  1.57542607   -1.20828350  3.17924167  
24.00000000  -1.09309246  1.69156700   -1.03947939  3.01043755  
24.12500000  -0.87499209  1.79552839   -0.84734535  2.81830351  
24.25000000  -0.64495902  1.88153266   -0.63383846  2.60479662  
24.37500000  -0.40558553  1.94413461   -0.40281130  2.37376947  
24.50000000  -0.16008460  1.97897548   -0.15991372  2.13087188  
24.62500000  0.08789119   1.98348089   0.08786290   1.88309526  
24.75000000  0.33450419   1.95731008   0.33294684   1.63801132  
24.87500000  0.57601920   1.90241728   0.56808874   1.40286942  
25.00000000  0.80907256   1.82270570   0.78718503   1.18377314  
25.12500000  1.03087774   1.72338291   0.98583350   0.98512467  
25.25000000  1.23934116   1.61020340   1.16153404   0.80942413  
25.37500000  1.43308605   1.48878044   1.31356352   0.65739464  
25.50000000  1.61140124   1.36408534   1.44263215   0.52832602  
25.62500000  1.77414131   1.24017067   1.55044930   0.42050886  
25.75000000  1.92160498   1.12009004   1.63930309   0.33165507  
25.87500000  2.05441274   1.00595654   1.71171486   0.25924330  
26.00000000  2.17339730   0.89907833   1.77019052   0.20076764  
26.12500000  2.27951309   0.80012260   1.81706361   0.15389456  
26.25000000  2.37376629   0.70927575   1.85441210   0.11654606  
26.37500000  2.45716377   0.62638314   1.88402773   0.08693043  
26.50000000  2.53067774   0.55106191   1.90741896   0.06353920  
26.62500000  2.59522296   0.48278722   1.92583302   0.04512514  
26.75000000  2.65164304   0.42095510   1.94028687   0.03067130  
26.87500000  2.70070354   0.36492621   1.95160067   0.01935749  
27.00000000  2.74308948   0.31405513   1.96042998   0.01052819  
27.12500000  2.77940581   0.26770860   1.96729470   0.00366347  
27.25000000  2.81017967   0.22527598   1.97260413   -0.00164597 
27.37500000  2.83586355   0.18617417   1.97667790   -0.00571973 
27.50000000  2.85683886   0.14984872   1.97976304   -0.00880487 
27.62500000  2.87341941   0.11577239   1.98204770   -0.01108953 
27.75000000  2.88585467   0.08344201   1.98367179   -0.01271362 
27.87500000  2.89433250   0.05237426   1.98473506   -0.01377690 
28.00000000  2.89898132   0.02210077   1.98530297   -0.01434481 
28.12500000  2.89987167   -0.00783716  1.98541051   -0.01445235 
28.25000000  2.89701707   -0.03789410  1.98506432   -0.01410616 
28.37500000  2.89037419   -0.06852612  1.98424306   -0.01328489 
28.50000000  2.87984231   -0.10019628  1.98289612   -0.01193796 
28.62500000  2.86526208   -0.13338016  1.98094070   -0.00998254 
28.75000000  2.84641368   -0.16857089  1.97825685   -0.00729869 
28.87500000  2.82301430   -0.20628381  1.97468056   -0.00372240 
29.00000000  2.79471513   -0.24706009  1.96999433   0.00096384  
29.12500000  2.76109795   -0.29146917  1.96391498   0.00704318  
29.25000000  2.72167159   -0.34010892  1.95607828   0.01487988  
29.37500000  2.67586849   -0.39360276  1.94601984   0.02493833  
29.50000000  2.62304193   -0.45259205  1.93315203   0.03780614  
29.62500000  2.56246460   -0.51772191  1.91673690   0.05422126  
29.75000000  2.49332947   -0.58961762  1.89585532   0.07510285  
29.87500000  2.41475442   -0.66884827  1.86937378   0.10158439  
30.00000000  2.32579238   -0.75587350  1.83591165   0.13504652  
30.12500000  2.22544940   -0.85096897  1.79381386   0.17714431  
30.25000000  2.11271365   -0.95412642  1.74113730   0.22982086  
30.37500000  1.98659857   -1.06492649  1.67566342   0.29529475  
30.50000000  1.84620350   -1.18238689  1.59495379   0.37600438  
30.62500000  1.69079437   -1.30479723  1.49646935   0.47448881  
30.75000000  1.51990459   -1.42956493  1.37777373   0.59318444  
30.87500000  1.33345257   -1.55311290  1.23683331   0.73412486  
31.00000000  1.13186584   -1.67088584  1.07240703   0.89855113  
31.12500000  0.91619432   -1.77752735  0.88448452   1.08647365  
31.25000000  0.68818821   -1.86727405  0.67468804   1.29627012  
31.37500000  0.45031281   -1.93456412  0.44651765   1.52444052  
31.50000000  0.20567756   -1.97478150  0.20531522   1.76564295  
31.62500000  -0.04212865  -1.98497904  -0.04212553  2.01308370  
31.75000000  -0.28928100  -1.96438662  -0.28827338  2.25923155  
31.87500000  -0.53200390  -1.91454980  -0.52575222  2.49671038  
32.00000000  -0.76684730  -1.83905409  -0.74819543  2.71915359  
32.12500000  -0.99090665  -1.74292273  -0.95086103  2.92181920  
32.25000000  -1.20195613  -1.63186521  -1.13089887  3.10185704  
32.37500000  -1.39848867  -1.51156505  -1.28727908  3.25823725  
32.50000000  -1.57967676  -1.38713939  -1.42047901  3.39143718  
32.62500000  -1.74527942  -1.26282149  -1.53205685  3.50301502  
32.75000000  -1.89552283  -1.14184812  -1.62422264  3.59518081  
32.87500000  -2.03097688  -1.02649723  -1.69947632  3.67043449  
33.00000000  -2.15244254  -0.91821346  -1.76034098  3.73129915  
33.12500000  -2.26085762  -0.81776978  -1.80919013  3.78014829  
33.25000000  -2.35722315  -0.72543006  -1.84815247  3.81911064  
33.37500000  -2.44254893  -0.64109325  -1.87907312  3.85003128  
33.50000000  -2.51781563  -0.56441136  -1.90351153  3.87446970  
33.62500000  -2.58394985  -0.49488039  -1.92276097  3.89371913  
33.75000000  -2.64180902  -0.43190715  -1.93787836  3.90883653  
33.87500000  -2.69217341  -0.37485625  -1.94971770  3.92067587  
34.00000000  -2.73574292  -0.32308176  -1.95896261  3.92992078  
34.12500000  -2.77313715  -0.27594716  -1.96615602  3.93711418  
34.25000000  -2.80489736  -0.23283716  -1.97172594  3.94268411  
34.37500000  -2.83148957  -0.19316338  -1.97600715  3.94696531  
34.50000000  -2.85330803  -0.15636614  -1.97925894  3.95021711  
34.62500000  -2.87067876  -0.12191337  -1.98167945  3.95263762  
34.75000000  -2.88386289  -0.08929776  -1.98341681  3.95437497  
34.87500000  -2.89305945  -0.05803266  -1.98457767  3.95553584  
35.00000000  -2.89840770  -0.02764736  -1.98523348  3.95619164  
35.12500000  -2.89998877  0.00231824   -1.98542463  3.95638279  
35.25000000  -2.89782667  0.03231904   -1.98516292  3.95612108  
35.37500000  -2.89188858  0.06281040   -1.98443221  3.95539037  
35.50000000  -2.88208442  0.09425369   -1.98318748  3.95414564  
35.62500000  -2.86826581  0.12712179   -1.98135216  3.95231033  
35.75000000  -2.85022424  0.16190421   -1.97881362  3.94977179  
35.87500000  -2.82768874  0.19911189   -1.97541661  3.94637478  
36.00000000  -2.80032292  0.23928101   -1.97095432  3.94191248  
36.12500000  -2.76772163  0.28297570   -1.96515676  3.93611492  
36.25000000  -2.72940743  0.33078870   -1.95767596  3.92863413  
36.37500000  -2.68482709  0.38333910   -1.94806762  3.91902579  
36.50000000  -2.63334865  0.44126582   -1.93576879  3.90672695  
36.62500000  -2.57425969  0.50521474   -1.92007146  3.89102962  
36.75000000  -2.50676768  0.57581709   -1.90009237  3.87105053  
36.87500000  -2.43000377  0.65365577   -1.87474011  3.84569827  
37.00000000  -2.34303180  0.73921553   -1.84268194  3.81364010  
37.12500000  -2.24486464  0.83281270   -1.80231499  3.77327316  
37.25000000  -2.13449099  0.93450016   -1.75174935  3.72270751  
37.37500000  -2.01091563  1.04394518   -1.68881461  3.65977278  
37.50000000  -1.87321659  1.16028157   -1.61110614  3.58206431  
37.62500000  -1.72062205  1.28194567   -1.51609090  3.48704907  
37.75000000  -1.55260765  1.40651757   -1.40129392  3.37225208  
37.87500000  -1.36901143  1.53060544   -1.26458030  3.23553846  
38.00000000  -1.17015784  1.64982697   -1.10453035  3.07548852  
38.12500000  -0.95697470  1.75895073   -0.92087387  2.89183203  
38.25000000  -0.73107965  1.85224844   -0.71490701  2.68586518  
38.37500000  -0.49480865  1.92406744   -0.48977629  2.46073445  
38.50000000  -0.25116192  1.96955958   -0.25050228  2.22146045  
38.62500000  -0.00365628  1.98542262   -0.00365628  1.97461445  
38.75000000  0.24390612   1.97046200   0.24330198   1.72765618  
38.87500000  0.48771886   1.92580492   0.48289931   1.48805885  
39.00000000  0.72425307   1.85469819   0.70852731   1.26243086  
39.12500000  0.95049072   1.76195461   0.91511326   1.05584490  
39.25000000  1.16407508   1.65321405   1.09945425   0.87150392  
39.37500000  1.36336737   1.53421173   1.26020264   0.71075552  
39.50000000  1.54742049   1.41019990   1.39758813   0.57337004  
39.62500000  1.71589378   1.28558882   1.51300288   0.45795529  
39.75000000  1.86893665   1.16379988   1.60856649   0.36239167  
39.87500000  2.00706451   1.04728031   1.68674843   0.28420973  
40.00000000  2.13104338   0.93761684   1.75008314   0.22087503  
40.12500000  2.24179198   0.83569381   1.80098090   0.16997727  
40.25000000  2.34030431   0.74185745   1.84161990   0.12933826  
40.37500000  2.42759184   0.65606435   1.87389858   0.09705958  
40.50000000  2.50464285   0.57800446   1.89942812   0.07153005  
40.62500000  2.57239528   0.50719689   1.91954881   0.05140935  
40.75000000  2.63172011   0.44306081   1.93535874   0.03559943  
40.87500000  2.68341221   0.38496587   1.94774680   0.02321136  
41.00000000  2.72818638   0.33226626   1.95742572   0.01353244  
41.12500000  2.76667692   0.28432265   1.96496233   0.00599583  
41.25000000  2.79943934   0.24051522   1.97080409   0.00015408  
41.37500000  2.82695329   0.20025043   1.97530152   -0.00434336 
41.50000000  2.84962598   0.16296329   1.97872669   -0.00776852 
41.62500000  2.86779577   0.12811683   1.98128807   -0.01032990 
41.75000000  2.88173553   0.09519942   1.98314230   -0.01218414 
41.87500000  2.89165556   0.06372098   1.98440318   -0.01344501 
42.00000000  2.89770600   0.03320821   1.98514824   -0.01419008 
42.12500000  2.89997861   0.00319948   1.98542340   -0.01446524 
42.25000000  2.89850789   -0.02676066  1.98524563   -0.01428746 
42.37500000  2.89327152   -0.05712706  1.98460395   -0.01364578 
42.50000000  2.88419006   -0.08835956  1.98345883   -0.01250066 
42.62500000  2.87112597   -0.12092852  1.98173980   -0.01078163 
42.75000000  2.85388202   -0.15532001  1.97934131   -0.00838315 
42.87500000  2.83219895   -0.19204069  1.97611657   -0.00515841 
43.00000000  2.80575269   -0.23162185  1.97186907   -0.00091091 
43.12500000  2.77415106   -0.27462234  1.96634150   0.00461666  
43.25000000  2.73693020   -0.32162967  1.95920154   0.01175662  
43.37500000  2.69355111   -0.37325843  1.95002422   0.02093394  
43.50000000  2.64339654   -0.43014463  1.93827034   0.03268782  
43.62500000  2.58576897   -0.49293417  1.92326083   0.04769733  
43.75000000  2.51989047   -0.56226313  1.90414718   0.06681098  
43.87500000  2.44490580   -0.63872654  1.87987892   0.09107925  
44.00000000  2.35989021   -0.72283186  1.84917020   0.12178796  
44.12500000  2.26386434   -0.81493286  1.81046976   0.16048840  
44.25000000  2.15581877   -0.91513941  1.76194103   0.20901714  
44.37500000  2.03475153   -1.02320034  1.70146331   0.26949486  
44.50000000  1.89972198   -1.13835996  1.62666927   0.34428889  
44.62500000  1.74992387   -1.25919579  1.53503821   0.43591996  
44.75000000  1.58477899   -1.38345651  1.42406615   0.54689201  
44.87500000  1.40404927   -1.50793473  1.29152979   0.67942838  
45.00000000  1.20796016   -1.62842583  1.13584579   0.83511237  
45.12500000  0.99732038   -1.73983525  0.95649863   1.01445954  
45.25000000  0.77361605   -1.83648952  0.75446840   1.21648977  
45.37500000  0.53905197   -1.91267032  0.53254913   1.43840904  
45.50000000  0.29651413   -1.96332320  0.29542908   1.67552908  
45.62500000  0.04943927   -1.98481047  0.04943424   1.92152393  
45.75000000  -0.19840282  -1.97552059  -0.19807757  2.16903574  
45.87500000  -0.44318463  -1.93615536  -0.43956657  2.41052473  
46.00000000  -0.68130651  -1.86960354  -0.66820576  2.63916392  
46.12500000  -0.90964209  -1.78044177  -0.87860311  2.84956128  
46.25000000  -1.12570562  -1.67421499  -1.06720218  3.03816035  
46.37500000  -1.32772567  -1.55669028  -1.23232776  3.20328592  
46.50000000  -1.51463255  -1.43324277  -1.37394741  3.34490557  
46.62500000  -1.68598190  -1.30845491  -1.49327227  3.46423043  
46.75000000  -1.84184209  -1.18593338  -1.59231854  3.56327671  
46.87500000  -1.98267010  -1.06829870  -1.67351553  3.64447369  
47.00000000  -2.10919367  -0.95728517  -1.73940261  3.71036077  
47.12500000  -2.22230979  -0.85389415  -1.79242325  3.76338141  
47.25000000  -2.32300345  -0.75855934  -1.83480355  3.80576171  
47.37500000  -2.41228646  -0.67129914  -1.86849506  3.83945323  
47.50000000  -2.49115373  -0.59184470  -1.89516126  3.86611942  
47.62500000  -2.56055405  -0.51974060  -1.91619050  3.88714867  
47.75000000  -2.62137161  -0.45442015  -1.93272312  3.90368128  
47.87500000  -2.67441575  -0.39525913  -1.94568408  3.91664225  
48.00000000  -2.72041616  -0.34161260  -1.95581624  3.92677440  
48.12500000  -2.76002191  -0.29283885  -1.96371122  3.93466938  
48.25000000  -2.79380286  -0.24831380  -1.96983669  3.94079486  
48.37500000  -2.82225240  -0.20743875  -1.97455957  3.94551773  
48.50000000  -2.84579084  -0.16964345  -1.97816517  3.94912333  
48.62500000  -2.86476897  -0.13438589  -1.98087273  3.95183089  
48.75000000  -2.87947152  -0.10115003  -1.98284770  3.95380587  
48.87500000  -2.89012012  -0.06944214  -1.98421121  3.95516937  
49.00000000  -2.89687586  -0.03878620  -1.98504709  3.95600526  
49.12500000  -2.89984118  -0.00871885  -1.98540684  3.95636500  
49.25000000  -2.89906109  0.02121609   -1.98531262  3.95627079  
49.37500000  -2.89452374  0.05147316   -1.98475864  3.95571680  
49.50000000  -2.88616029  0.08251088   -1.98371074  3.95466890  
49.62500000  -2.87384402  0.11479723   -1.98210442  3.95306258  
49.75000000  -2.85738886  0.14881503   -1.97984101  3.95079917  
49.87500000  -2.83654721  0.18506679   -1.97678188  3.94774005  
50.00000000  -2.81100718  0.22407901   -1.97274046  3.94369863  
