time         theta        dtheta/dt   
0.00000000   1.00000000   -0.00000000 
0.12500000   0.99343064   -0.10503548 
0.25000000   0.97377855   -0.20917135 
0.37500000   0.94121454   -0.31146258 
0.50000000   0.89603254   -0.41087851 
0.62500000   0.83866230   -0.50627271 
0.75000000   0.76968496   -0.59636841 
0.87500000   0.68984923   -0.67976418 
1.00000000   0.60008537   -0.75496371 
1.12500000   0.50151386   -0.82043094 
1.25000000   0.39544571   -0.87466868 
1.37500000   0.28337170   -0.91631423 
1.50000000   0.16693923   -0.94424115 
1.62500000   0.04791676   -0.95765328 
1.75000000   -0.07185227  -0.95615630 
1.87500000   -0.19050234  -0.93979459 
2.00000000   -0.30620096  -0.90904710 
2.12500000   -0.41720048  -0.86478273 
2.25000000   -0.52188237  -0.80818318 
2.37500000   -0.61879039  -0.74064618 
2.50000000   -0.70665117  -0.66368395 
2.62500000   -0.78438264  -0.57883019 
2.75000000   -0.85109176  -0.48756585 
2.87500000   -0.90606459  -0.39126896 
3.00000000   -0.94875160  -0.29118997 
3.12500000   -0.97875139  -0.18845040 
3.25000000   -0.99579556  -0.08406098 
3.37500000   -0.99973679  0.02104583  
3.50000000   -0.99054153  0.12597411  
3.62500000   -0.96828834  0.22981871  
3.75000000   -0.93317184  0.33162044  
3.87500000   -0.88551201  0.43032746  
4.00000000   -0.82576757  0.52476784  
4.12500000   -0.75455194  0.61363868  
4.25000000   -0.67264916  0.69551639  
4.37500000   -0.58102708  0.76889146  
4.50000000   -0.48084461  0.83222867  
4.62500000   -0.37344997  0.88404970  
4.75000000   -0.26036754  0.92303101  
4.87500000   -0.14327216  0.94810525  
5.00000000   -0.02395128  0.95855190  
5.12500000   0.09574287   0.95406273  
5.25000000   0.21394701   0.93477077  
5.37500000   0.32884165   0.90123777  
5.50000000   0.43870177   0.85440220  
5.62500000   0.54193904   0.79549712  
5.75000000   0.63713255   0.72595121  
5.87500000   0.72304694   0.64728792  
6.00000000   0.79863842   0.56103564  
6.12500000   0.86305078   0.46865790  
6.25000000   0.91560426   0.37150841  
6.37500000   0.95578024   0.27081120  
6.50000000   0.98320511   0.16766366  
6.62500000   0.99763550   0.06305788  
6.75000000   0.99894726   -0.04208454 
6.87500000   0.98712923   -0.14686953 
7.00000000   0.96228270   -0.25038458 
7.12500000   0.92462648   -0.35165479 
7.25000000   0.87450712   -0.44960601 
7.37500000   0.81241300   -0.54304037 
7.50000000   0.73899043   -0.63062924 
7.62500000   0.65505932   -0.71092825 
7.75000000   0.56162543   -0.78241712 
7.87500000   0.45988603   -0.84356480 
8.00000000   0.35122601   -0.89291579 
8.12500000   0.23720234   -0.92918984 
8.25000000   0.11951579   -0.95138234 
8.37500000   -0.00002917  -0.95885108 
8.50000000   -0.11957367  -0.95137509 
8.62500000   -0.23725887  -0.92917554 
8.75000000   -0.35128033  -0.89289486 
8.87500000   -0.45993735  -0.84353779 
9.00000000   -0.56167303  -0.78238472 
9.12500000   -0.65510257  -0.71089118 
9.25000000   -0.73902879  -0.63058826 
9.37500000   -0.81244603  -0.54299620 
9.50000000   -0.87453447  -0.44955933 
9.62500000   -0.92464787  -0.35160621 
9.75000000   -0.96229793  -0.25033466 
9.87500000   -0.98713816  -0.14681876 
10.00000000  -0.99894981  -0.04203338 
10.12500000  -0.99763166  0.06310900  
10.25000000  -0.98319491  0.16771429  
10.37500000  -0.95576377  0.27086089  
10.50000000  -0.91558165  0.37155665  
10.62500000  -0.86302227  0.46870413  
10.75000000  -0.79860429  0.56107923  
10.87500000  -0.72300756  0.64732818  
11.00000000  -0.63708839  0.72598740  
11.12500000  -0.54189064  0.79552850  
11.25000000  -0.43864979  0.85442804  
11.37500000  -0.32878682  0.90125741  
11.50000000  -0.21389014  0.93478369  
11.62500000  -0.09568482  0.95406854  
11.75000000  0.02400960   0.95855044  
11.87500000  0.14332985   0.94809656  
12.00000000  0.26042369   0.92301534  
12.12500000  0.37350375   0.88402750  
12.25000000  0.48089524   0.83220052  
12.37500000  0.58107386   0.76885807  
12.50000000  0.67269147   0.69547848  
12.62500000  0.75458927   0.61359701  
12.75000000  0.82579950   0.52472312  
12.87500000  0.88553819   0.43028036  
13.00000000  0.93319202   0.33157156  
13.12500000  0.96830232   0.22976858  
13.25000000  0.99054920   0.12592323  
13.37500000  0.99973807   0.02099464  
13.50000000  0.99579045   -0.08411204 
13.62500000  0.97873992   -0.18850089 
13.75000000  0.94873388   -0.29123942 
13.87500000  0.90604079   -0.39131685 
14.00000000  0.85106210   -0.48761160 
14.12500000  0.78434742   -0.57887317 
14.25000000  0.70661080   -0.66372345 
14.37500000  0.61874533   -0.74068147 
14.50000000  0.52183320   -0.80821350 
14.62500000  0.41714787   -0.86480739 
14.75000000  0.30614565   -0.90906544 
14.87500000  0.19044517   -0.93980611 
15.00000000  0.07179409   -0.95616066 
15.12500000  -0.04797502  -0.95765037 
15.25000000  -0.16699667  -0.94423104 
15.37500000  -0.28342744  -0.91629722 
15.50000000  -0.39549892  -0.87464525 
15.62500000  -0.50156378  -0.82040169 
15.75000000  -0.60013130  -0.75492936 
15.87500000  -0.68989058  -0.67972546 
16.00000000  -0.76972124  -0.59632607 
16.12500000  -0.83869310  -0.50622746 
16.25000000  -0.89605754  -0.41083101 
16.37500000  -0.94123349  -0.31141341 
16.50000000  -0.97379127  -0.20912103 
16.62500000  -0.99343703  -0.10498451 
16.75000000  -1.00000000  0.00005119  
16.87500000  -0.99342425  0.10508646  
17.00000000  -0.97376582  0.20922166  
17.12500000  -0.94119559  0.31151176  
17.25000000  -0.89600755  0.41092602  
17.37500000  -0.83863150  0.50631796  
17.50000000  -0.76964868  0.59641074  
17.62500000  -0.68980787  0.67980290  
17.75000000  -0.60003943  0.75499807  
17.87500000  -0.50146395  0.82046019  
18.00000000  -0.39539250  0.87469212  
18.12500000  -0.28331595  0.91633124  
18.25000000  -0.16688178  0.94425126  
18.37500000  -0.04785849  0.95765620  
18.50000000  0.07191044   0.95615193  
18.62500000  0.19055952   0.93978307  
18.75000000  0.30625626   0.90902876  
18.87500000  0.41725309   0.86475808  
19.00000000  0.52193154   0.80815285  
19.12500000  0.61883545   0.74061089  
19.25000000  0.70669155   0.66364444  
19.37500000  0.78441785   0.57878721  
19.50000000  0.85112142   0.48752010  
19.62500000  0.90608840   0.39122108  
19.75000000  0.94876931   0.29114053  
19.87500000  0.97876285   0.18839992  
20.00000000  0.99580068   0.08400993  
20.12500000  0.99973551   -0.02109701 
20.25000000  0.99053387   -0.12602499 
20.37500000  0.96827436   -0.22986883 
20.50000000  0.93315167   -0.33166933 
20.62500000  0.88548583   -0.43037457 
20.75000000  0.82573564   -0.52481256 
20.87500000  0.75451461   -0.61368035 
21.00000000  0.67260684   -0.69555429 
21.12500000  0.58098030   -0.76892485 
21.25000000  0.48079398   -0.83225680 
21.37500000  0.37339618   -0.88407189 
21.50000000  0.26031138   -0.92304667 
21.62500000  0.14321448   -0.94811393 
21.75000000  0.02389297   -0.95855336 
21.87500000  -0.09580091  -0.95405691 
22.00000000  -0.21400388  -0.93475785 
22.12500000  -0.32889648  -0.90121812 
22.25000000  -0.43875375  -0.85437636 
22.37500000  -0.54198743  -0.79546574 
22.50000000  -0.63717672  -0.72591502 
22.62500000  -0.72308632  -0.64724767 
22.75000000  -0.79867255  -0.56099206 
22.87500000  -0.86307930  -0.46861168 
23.00000000  -0.91562686  -0.37146016 
23.12500000  -0.95579672  -0.27076151 
23.25000000  -0.98321531  -0.16761302 
23.37500000  -0.99763933  -0.06300676 
23.50000000  -0.99894469  0.04213570  
23.62500000  -0.98712029  0.14692029  
23.75000000  -0.96226747  0.25043450  
23.87500000  -0.92460508  0.35170336  
24.00000000  -0.87447977  0.44965268  
24.12500000  -0.81237996  0.54308453  
24.25000000  -0.73895206  0.63067022  
24.37500000  -0.65501607  0.71096531  
24.50000000  -0.56157783  0.78244952  
24.62500000  -0.45983470  0.84359180  
24.75000000  -0.35117168  0.89293672  
24.87500000  -0.23714580  0.92920413  
25.00000000  -0.11945790  0.95138959  
25.12500000  0.00008750   0.95885107  
25.25000000  0.11963155   0.95136783  
25.37500000  0.23731540   0.92916124  
25.50000000  0.35133465   0.89287392  
25.62500000  0.45998867   0.84351079  
25.75000000  0.56172063   0.78235232  
25.87500000  0.65514582   0.71085411  
26.00000000  0.73906715   0.63054728  
26.12500000  0.81247907   0.54295203  
26.25000000  0.87456182   0.44951265  
26.37500000  0.92466926   0.35155764  
26.50000000  0.96231316   0.25028474  
26.62500000  0.98714709   0.14676799  
26.75000000  0.99895237   0.04198222  
26.87500000  0.99762782   -0.06316011 
27.00000000  0.98318470   -0.16776493 
27.12500000  0.95574729   -0.27091058 
27.25000000  0.91555905   -0.37160489 
27.37500000  0.86299375   -0.46875036 
27.50000000  0.79857015   -0.56112281 
27.62500000  0.72296818   -0.64736843 
27.75000000  0.63704422   -0.72602359 
27.87500000  0.54184224   -0.79555988 
28.00000000  0.43859780   -0.85445388 
28.12500000  0.32873199   -0.90127706 
28.25000000  0.21383327   -0.93479660 
28.37500000  0.09562678   -0.95407435 
28.50000000  -0.02406792  -0.95854898 
28.62500000  -0.14338753  -0.94808787 
28.75000000  -0.26047985  -0.92299968 
28.87500000  -0.37355754  -0.88400530 
29.00000000  -0.48094587  -0.83217238 
29.12500000  -0.58112063  -0.76882467 
29.25000000  -0.67273378  -0.69544057 
29.37500000  -0.75462660  -0.61355533 
29.50000000  -0.82583142  -0.52467840 
29.62500000  -0.88556436  -0.43023325 
29.75000000  -0.93321219  -0.33152267 
29.87500000  -0.96831630  -0.22971845 
30.00000000  -0.99055686  -0.12587235 
30.12500000  -0.99973935  -0.02094346 
30.25000000  -0.99578533  0.08416310  
30.37500000  -0.97872845  0.18855137  
30.50000000  -0.94871616  0.29128886  
30.62500000  -0.90601698  0.39136473  
30.75000000  -0.85103243  0.48765735  
30.87500000  -0.78431220  0.57891614  
31.00000000  -0.70657041  0.66376295  
31.12500000  -0.61870026  0.74071675  
31.25000000  -0.52178403  0.80824383  
31.37500000  -0.41709525  0.86483203  
31.50000000  -0.30609034  0.90908378  
31.62500000  -0.19038799  0.93981762  
31.75000000  -0.07173592  0.95616502  
31.87500000  0.04803328   0.95764745  
32.00000000  0.16705412   0.94422092  
32.12500000  0.28348319   0.91628020  
32.25000000  0.39555214   0.87462181  
32.37500000  0.50161369   0.82037244  
32.50000000  0.60017722   0.75489500  
32.62500000  0.68993194   0.67968674  
32.75000000  0.76975752   0.59628373  
32.87500000  0.83872390   0.50618221  
33.00000000  0.89608253   0.41078350  
33.12500000  0.94125244   0.31136423  
33.25000000  0.97380399   0.20907071  
33.37500000  0.99344342   0.10493353  
33.50000000  0.99999999   -0.00010239 
33.62500000  0.99341785   -0.10513744 
33.75000000  0.97375309   -0.20927197 
33.87500000  0.94117664   -0.31156093 
34.00000000  0.89598254   -0.41097352 
34.12500000  0.83860069   -0.50636321 
34.25000000  0.76961239   -0.59645308 
34.37500000  0.68976651   -0.67984162 
34.50000000  0.59999350   -0.75503242 
34.62500000  0.50141403   -0.82048943 
34.75000000  0.39533928   -0.87471555 
34.87500000  0.28326020   -0.91634824 
35.00000000  0.16682433   -0.94426136 
35.12500000  0.04780023   -0.95765910 
35.25000000  -0.07196861  -0.95614755 
35.37500000  -0.19061669  -0.93977154 
35.50000000  -0.30631157  -0.90901042 
35.62500000  -0.41730570  -0.86473342 
35.75000000  -0.52198071  -0.80812251 
35.87500000  -0.61888050  -0.74057560 
36.00000000  -0.70673193  -0.66360494 
36.12500000  -0.78445307  -0.57874424 
36.25000000  -0.85115108  -0.48747434 
36.37500000  -0.90611220  -0.39117319 
36.50000000  -0.94878702  -0.29109109 
36.62500000  -0.97877431  -0.18834943 
36.75000000  -0.99580579  -0.08395887 
36.87500000  -0.99973422  0.02114820  
37.00000000  -0.99052620  0.12607587  
37.12500000  -0.96826037  0.22991896  
37.25000000  -0.93313149  0.33171821  
37.37500000  -0.88545964  0.43042167  
37.50000000  -0.82570371  0.52485728  
37.62500000  -0.75447727  0.61372202  
37.75000000  -0.67256452  0.69559220  
37.87500000  -0.58093352  0.76895824  
38.00000000  -0.48074335  0.83228494  
38.12500000  -0.37334240  0.88409408  
38.25000000  -0.26025522  0.92306233  
38.37500000  -0.14315680  0.94812262  
38.50000000  -0.02383465  0.95855481  
38.62500000  0.09585895   0.95405109  
38.75000000  0.21406075   0.93474493  
38.87500000  0.32895131   0.90119847  
39.00000000  0.43880573   0.85435051  
39.12500000  0.54203583   0.79543436  
39.25000000  0.63722088   0.72587882  
39.37500000  0.72312570   0.64720741  
39.50000000  0.79870668   0.56094847  
39.62500000  0.86310780   0.46856545  
39.75000000  0.91564945   0.37141192  
39.87500000  0.95581319   0.27071182  
40.00000000  0.98322550   0.16756239  
40.12500000  0.99764316   0.06295565  
40.25000000  0.99894213   -0.04218686 
40.37500000  0.98711135   -0.14697106 
40.50000000  0.96225223   -0.25048441 
40.62500000  0.92458369   -0.35175193 
40.75000000  0.87445241   -0.44969936 
40.87500000  0.81234691   -0.54312869 
41.00000000  0.73891369   -0.63071119 
41.12500000  0.65497281   -0.71100237 
41.25000000  0.56153023   -0.78248192 
41.37500000  0.45978338   -0.84361880 
41.50000000  0.35111736   -0.89295765 
41.62500000  0.23708927   -0.92921843 
41.75000000  0.11940002   -0.95139684 
41.87500000  -0.00014584  -0.95885107 
42.00000000  -0.11968943  -0.95136056 
42.12500000  -0.23737193  -0.92914694 
42.25000000  -0.35138897  -0.89285298 
42.37500000  -0.46003998  -0.84348378 
42.50000000  -0.56176823  -0.78231991 
42.62500000  -0.65518907  -0.71081705 
42.75000000  -0.73910552  -0.63050630 
42.87500000  -0.81251210  -0.54290786 
43.00000000  -0.87458917  -0.44946597 
43.12500000  -0.92469065  -0.35150906 
43.25000000  -0.96232839  -0.25023482 
43.37500000  -0.98715602  -0.14671722 
43.50000000  -0.99895492  -0.04193106 
43.62500000  -0.99762397  0.06321123  
43.75000000  -0.98317449  0.16781556  
43.87500000  -0.95573080  0.27096027  
44.00000000  -0.91553644  0.37165313  
44.12500000  -0.86296523  0.46879658  
44.25000000  -0.79853601  0.56116639  
44.37500000  -0.72292879  0.64740868  
44.50000000  -0.63700004  0.72605978  
44.62500000  -0.54179384  0.79559125  
44.75000000  -0.43854582  0.85447972  
44.87500000  -0.32867716  0.90129670  
45.00000000  -0.21377640  0.93480951  
45.12500000  -0.09556873  0.95408016  
45.25000000  0.02412624   0.95854752  
45.37500000  0.14344521   0.94807917  
45.50000000  0.26053600   0.92298401  
45.62500000  0.37361132   0.88398309  
45.75000000  0.48099650   0.83214423  
45.87500000  0.58116741   0.76879127  
46.00000000  0.67277609   0.69540266  
46.12500000  0.75466393   0.61351365  
46.25000000  0.82586334   0.52463367  
46.37500000  0.88559054   0.43018615  
46.50000000  0.93323236   0.33147379  
46.62500000  0.96833027   0.22966833  
46.75000000  0.99056451   0.12582147  
46.87500000  0.99974062   0.02089227  
47.00000000  0.99578021   -0.08421415 
47.12500000  0.97871698   -0.18860186 
47.25000000  0.94869844   -0.29133830 
47.37500000  0.90599317   -0.39141262 
47.50000000  0.85100276   -0.48770310 
47.62500000  0.78427698   -0.57895911 
47.75000000  0.70653003   -0.66380245 
47.87500000  0.61865520   -0.74075204 
48.00000000  0.52173486   -0.80827415 
48.12500000  0.41704263   -0.86485668 
48.25000000  0.30603504   -0.90910211 
48.37500000  0.19033081   -0.93982913 
48.50000000  0.07167775   -0.95616938 
48.62500000  -0.04809154  -0.95764453 
48.75000000  -0.16711156  -0.94421080 
48.87500000  -0.28353894  -0.91626318 
49.00000000  -0.39560535  -0.87459836 
49.12500000  -0.50166360  -0.82034318 
49.25000000  -0.60022315  -0.75486063 
49.37500000  -0.68997329  -0.67964802 
49.50000000  -0.76979380  -0.59624138 
49.62500000  -0.83875469  -0.50613696 
49.75000000  -0.89610752  -0.41073599 
49.87500000  -0.94127138  -0.31131506 
50.00000000  -0.97381671  -0.20902040 
